61 306
0 16
0 18
0 25
0 26
0 27
0 35
0 40
0 53
1 9
1 41
1 43
1 60
2 7
2 13
2 58
3 50
4 8
4 12
4 55
4 56
5 8
5 12
5 16
5 53
5 55
5 56
6 18
6 26
6 29
6 39
6 53
7 2
7 19
7 27
7 36
7 44
7 58
8 4
8 5
8 12
8 16
8 31
8 40
8 56
9 1
9 28
9 41
9 46
10 50
11 32
12 4
12 5
12 8
12 16
12 31
12 40
12 53
12 56
13 2
13 15
13 23
13 32
13 33
13 36
13 37
13 39
13 42
13 49
13 51
14 17
14 23
14 39
14 44
14 54
14 58
15 13
15 19
15 32
15 36
15 37
15 49
16 0
16 5
16 8
16 12
16 21
16 24
16 26
16 30
16 56
17 14
17 19
17 20
17 23
17 28
17 44
17 50
18 0
18 6
18 29
18 53
19 7
19 15
19 17
19 27
19 35
19 37
19 43
19 46
19 49
20 17
20 28
20 32
20 36
20 44
20 50
21 16
22 35
22 44
22 50
23 13
23 14
23 17
23 28
23 44
23 50
24 16
24 25
24 26
25 0
25 24
25 26
26 0
26 6
26 16
26 24
26 25
27 0
27 7
27 19
27 29
27 46
28 9
28 17
28 20
28 23
28 34
28 42
28 44
28 50
28 51
29 6
29 18
29 27
29 41
29 46
30 16
31 8
31 12
31 59
32 11
32 13
32 15
32 20
32 33
32 36
32 37
32 39
32 42
32 49
33 13
33 32
33 36
33 43
33 48
34 28
35 0
35 19
35 22
35 36
35 38
35 39
35 58
36 7
36 13
36 15
36 20
36 32
36 33
36 35
36 39
36 42
36 44
36 60
37 13
37 15
37 19
37 32
37 42
37 43
37 51
37 57
38 35
38 56
39 6
39 13
39 14
39 32
39 35
39 36
39 51
40 0
40 8
40 12
40 53
40 56
41 1
41 9
41 29
41 46
41 49
42 13
42 28
42 32
42 36
42 37
42 45
42 52
43 1
43 19
43 33
43 37
44 7
44 14
44 17
44 20
44 22
44 23
44 28
44 36
44 49
44 50
44 58
45 42
45 48
46 9
46 19
46 27
46 29
46 41
47 56
48 33
48 45
49 13
49 15
49 19
49 32
49 41
49 44
49 50
50 3
50 10
50 17
50 20
50 22
50 23
50 28
50 44
50 49
50 54
51 13
51 28
51 37
51 39
52 42
52 60
53 0
53 5
53 6
53 12
53 18
53 40
53 56
54 14
54 50
55 4
55 5
56 4
56 5
56 8
56 12
56 16
56 38
56 40
56 47
56 53
57 37
58 2
58 7
58 14
58 35
58 44
59 31
60 1
60 36
60 52
