197 5438
0 2
0 4
0 5
0 9
0 10
0 11
0 12
0 13
0 17
0 18
0 19
0 21
0 22
0 65
0 118
0 119
0 120
0 121
0 122
0 123
1 2
1 3
1 4
1 5
1 6
1 7
1 8
1 11
1 12
1 14
1 15
1 16
1 18
1 19
1 21
1 22
1 65
1 123
1 128
1 143
1 144
1 145
1 146
1 147
1 148
1 155
1 157
1 158
2 0
2 1
2 4
2 5
2 6
2 7
2 9
2 10
2 11
2 12
2 13
2 14
2 15
2 16
2 17
2 18
2 19
2 21
2 22
2 99
2 110
2 119
2 126
2 131
2 135
2 147
2 148
2 150
2 162
2 163
2 164
2 165
2 166
2 167
2 168
2 169
2 170
2 171
2 172
2 175
2 176
2 177
3 1
3 4
3 8
3 15
3 20
3 65
3 151
3 153
3 158
3 162
3 163
4 0
4 1
4 2
4 3
4 5
4 8
4 9
4 10
4 11
4 12
4 13
4 15
4 17
4 18
4 19
4 20
4 21
4 22
4 151
4 153
4 162
4 163
5 0
5 1
5 2
5 4
5 7
5 8
5 9
5 10
5 11
5 12
5 13
5 16
5 17
5 18
5 19
5 21
5 22
5 24
5 25
5 26
5 46
5 52
5 53
5 65
5 72
5 73
5 74
5 78
5 79
5 81
5 82
5 83
5 84
5 85
5 87
5 88
5 90
5 91
5 93
5 94
5 95
5 96
5 98
5 99
5 100
5 101
5 102
5 103
5 104
5 105
5 106
5 107
5 108
5 109
5 114
5 115
5 116
5 117
5 118
5 119
5 120
5 121
5 122
5 123
5 125
5 126
5 128
5 131
5 135
5 136
5 137
5 138
5 146
5 147
5 148
5 150
5 151
5 152
5 153
5 155
5 162
5 163
5 164
5 165
5 166
5 167
5 168
5 169
5 170
5 171
5 172
5 175
5 176
5 177
5 189
6 1
6 2
6 7
6 14
6 15
6 16
6 19
6 21
6 22
6 26
6 78
6 79
6 89
6 90
6 92
6 96
6 98
6 108
6 109
7 1
7 2
7 5
7 6
7 9
7 11
7 12
7 14
7 15
7 16
7 19
7 21
7 22
7 65
7 107
7 123
7 128
7 132
7 135
7 144
7 146
7 155
7 157
7 158
7 190
8 1
8 3
8 4
8 5
8 10
8 11
8 12
8 13
8 15
8 16
8 17
8 18
8 26
8 52
8 65
8 72
8 73
8 74
8 78
8 81
8 83
8 84
8 86
8 91
8 107
8 109
8 110
8 112
8 117
8 123
8 143
8 144
8 145
8 147
8 151
8 153
8 156
8 157
8 158
8 162
8 163
9 0
9 2
9 4
9 5
9 7
9 10
9 11
9 12
9 13
9 16
9 17
9 18
9 19
9 21
9 22
9 65
9 78
9 87
9 88
9 93
9 94
9 95
9 99
9 100
9 101
9 104
9 105
9 107
9 114
9 115
9 116
9 118
9 119
9 122
9 123
9 128
9 131
9 135
9 146
10 0
10 2
10 4
10 5
10 8
10 9
10 11
10 12
10 13
10 16
10 17
10 18
10 19
10 21
10 22
10 65
10 72
10 74
10 91
10 99
10 109
10 110
10 112
10 119
10 123
10 126
10 131
10 135
10 147
10 148
10 150
10 156
10 157
10 158
10 162
10 163
10 164
10 165
10 166
10 167
10 168
10 169
10 170
10 171
10 172
11 0
11 1
11 2
11 4
11 5
11 7
11 8
11 9
11 10
11 12
11 13
11 16
11 17
11 18
11 19
11 21
11 22
11 54
11 65
11 72
11 74
11 87
11 88
11 91
11 99
11 109
11 110
11 112
11 119
11 120
11 121
11 123
11 126
11 131
11 135
11 147
11 148
11 150
11 152
11 156
11 157
11 158
11 162
11 163
11 164
11 165
11 166
11 167
11 168
11 169
11 170
11 171
11 172
11 175
11 176
11 177
11 185
11 186
11 187
12 0
12 1
12 2
12 4
12 5
12 7
12 8
12 9
12 10
12 11
12 13
12 16
12 17
12 18
12 19
12 21
12 22
12 65
12 72
12 74
12 91
12 99
12 109
12 110
12 112
12 119
12 123
12 126
12 131
12 135
12 147
12 148
12 150
12 156
12 157
12 158
12 162
12 163
12 164
12 165
12 166
12 167
12 168
12 169
12 170
12 171
12 172
12 185
13 0
13 2
13 4
13 5
13 8
13 9
13 10
13 11
13 12
13 16
13 17
13 18
13 19
13 21
13 22
13 65
13 72
13 74
13 91
13 99
13 109
13 110
13 112
13 119
13 123
13 126
13 131
13 135
13 147
13 148
13 150
13 156
13 157
13 158
13 162
13 163
13 164
13 165
13 166
13 167
13 168
13 169
13 170
13 171
13 172
13 175
13 176
13 177
14 1
14 2
14 6
14 7
14 15
14 16
14 19
14 21
14 22
14 26
14 78
14 79
14 86
14 89
14 90
14 91
14 92
14 96
14 98
14 108
14 109
14 112
15 1
15 2
15 3
15 4
15 6
15 7
15 8
15 14
15 16
15 19
15 20
15 21
15 22
15 143
15 144
15 145
15 146
15 147
15 148
16 1
16 2
16 5
16 6
16 7
16 8
16 9
16 10
16 11
16 12
16 13
16 14
16 15
16 17
16 18
16 19
16 21
16 22
16 65
16 72
16 74
16 78
16 87
16 88
16 91
16 93
16 94
16 95
16 99
16 100
16 105
16 109
16 110
16 112
16 114
16 115
16 116
16 119
16 123
16 126
16 131
16 135
16 147
16 148
16 150
16 156
16 157
16 158
16 162
16 163
16 164
16 165
16 166
16 167
16 168
16 169
16 170
16 171
16 172
17 0
17 2
17 4
17 5
17 8
17 9
17 10
17 11
17 12
17 13
17 16
17 18
17 19
17 21
17 22
17 52
17 65
17 72
17 73
17 74
17 84
17 91
17 98
17 99
17 107
17 109
17 110
17 112
17 119
17 123
17 126
17 131
17 133
17 135
17 137
17 147
17 148
17 150
17 151
17 152
17 153
17 156
17 157
17 158
17 162
17 163
17 164
17 165
17 166
17 167
17 168
17 169
17 170
17 171
17 172
18 0
18 1
18 2
18 4
18 5
18 8
18 9
18 10
18 11
18 12
18 13
18 16
18 17
18 19
18 21
18 22
18 52
18 65
18 72
18 73
18 74
18 78
18 84
18 87
18 88
18 91
18 93
18 94
18 95
18 98
18 99
18 100
18 104
18 105
18 107
18 109
18 110
18 112
18 114
18 115
18 116
18 118
18 119
18 120
18 121
18 122
18 123
18 126
18 131
18 135
18 137
18 147
18 148
18 150
18 151
18 152
18 153
18 156
18 157
18 158
18 162
18 163
18 164
18 165
18 166
18 167
18 168
18 169
18 170
18 171
18 172
18 175
18 176
18 177
19 0
19 1
19 2
19 4
19 5
19 6
19 7
19 9
19 10
19 11
19 12
19 13
19 14
19 15
19 16
19 17
19 18
19 21
19 22
19 99
19 110
19 119
19 126
19 131
19 135
19 147
19 148
19 150
19 162
19 163
19 164
19 165
19 166
19 167
19 168
19 169
19 170
19 171
19 172
19 175
19 176
19 177
20 3
20 4
20 15
20 86
20 91
20 117
20 131
20 174
20 191
21 0
21 1
21 2
21 4
21 5
21 6
21 7
21 9
21 10
21 11
21 12
21 13
21 14
21 15
21 16
21 17
21 18
21 19
21 22
21 25
21 29
21 65
21 72
21 78
21 87
21 88
21 89
21 91
21 93
21 94
21 95
21 99
21 100
21 105
21 107
21 110
21 114
21 115
21 116
21 117
21 119
21 120
21 121
21 122
21 124
21 125
21 126
21 128
21 129
21 130
21 131
21 132
21 135
21 146
21 147
21 148
21 150
21 151
21 155
21 162
21 163
21 164
21 165
21 166
21 167
21 168
21 169
21 170
21 171
21 172
21 175
21 176
21 177
22 0
22 1
22 2
22 4
22 5
22 6
22 7
22 9
22 10
22 11
22 12
22 13
22 14
22 15
22 16
22 17
22 18
22 19
22 21
22 65
22 78
22 87
22 88
22 93
22 94
22 95
22 99
22 100
22 101
22 104
22 105
22 107
22 114
22 115
22 116
22 118
22 119
22 122
22 123
22 131
22 166
22 175
22 176
22 177
23 24
23 25
23 26
24 5
24 23
24 25
24 26
24 60
24 72
24 78
24 79
24 85
24 87
24 88
24 92
24 96
24 98
24 101
24 103
24 104
24 106
24 107
24 108
24 109
24 113
24 115
24 117
24 142
25 5
25 21
25 23
25 24
25 26
25 33
25 46
25 52
25 53
25 60
25 68
25 72
25 73
25 74
25 81
25 82
25 83
25 84
25 85
25 86
25 87
25 88
25 91
25 92
25 93
25 94
25 95
25 100
25 102
25 103
25 105
25 107
25 108
25 109
25 110
25 111
25 112
25 114
25 115
25 116
25 117
25 123
25 136
25 137
25 138
25 142
26 5
26 6
26 8
26 14
26 23
26 24
26 25
26 52
26 60
26 65
26 68
26 72
26 73
26 78
26 81
26 82
26 83
26 84
26 86
26 87
26 88
26 89
26 90
26 91
26 92
26 96
26 101
26 103
26 106
26 107
26 108
26 109
26 110
26 112
26 113
26 115
26 117
26 122
26 142
27 28
27 29
27 30
27 31
28 27
28 29
28 30
28 31
28 76
28 77
28 141
29 21
29 27
29 28
29 30
29 31
29 32
29 33
29 34
29 35
29 40
29 48
29 49
29 50
29 51
29 56
29 58
29 59
29 60
29 62
29 63
29 64
29 66
29 67
29 68
29 70
29 89
29 95
29 99
29 120
29 121
29 124
29 129
29 130
29 132
29 139
29 140
29 141
29 159
29 178
29 181
29 182
30 27
30 28
30 29
30 31
30 32
30 33
30 34
30 35
30 36
30 37
30 38
30 39
30 40
30 41
30 42
30 43
30 44
30 45
30 48
30 49
30 50
30 51
30 54
30 55
30 57
30 58
30 59
30 60
30 61
30 63
30 64
30 65
30 66
30 68
30 69
30 70
30 71
30 88
30 137
30 152
30 154
30 159
30 179
30 188
30 194
31 27
31 28
31 29
31 30
31 32
31 33
31 34
31 35
31 36
31 38
31 39
31 40
31 41
31 42
31 43
31 44
31 45
31 48
31 49
31 50
31 51
31 54
31 55
31 56
31 57
31 58
31 59
31 60
31 61
31 63
31 64
31 65
31 66
31 67
31 68
31 70
31 71
31 137
31 152
31 154
32 29
32 30
32 31
32 33
32 34
32 35
32 36
32 37
32 38
32 39
32 40
32 41
32 42
32 43
32 44
32 45
33 25
33 29
33 30
33 31
33 32
33 34
33 35
33 36
33 37
33 38
33 39
33 40
33 41
33 42
33 43
33 44
33 45
33 46
33 47
33 48
33 49
33 50
33 51
33 52
33 53
33 54
33 55
33 56
33 57
33 58
33 59
33 60
33 61
33 62
33 63
33 64
33 65
33 66
33 67
33 68
33 69
33 70
33 71
33 72
33 73
33 74
34 29
34 30
34 31
34 32
34 33
34 35
34 37
34 38
34 40
34 41
34 42
34 43
34 44
34 45
34 49
34 54
34 58
34 64
34 66
34 68
34 69
34 71
34 139
34 140
34 141
35 29
35 30
35 31
35 32
35 33
35 34
35 36
35 37
35 38
35 39
35 40
35 41
35 42
35 43
35 44
35 45
35 49
35 50
35 54
35 58
35 59
35 60
35 62
35 64
35 66
35 68
35 69
35 71
35 112
35 154
35 159
36 30
36 31
36 32
36 33
36 35
36 37
36 38
36 39
36 40
36 42
36 43
36 49
36 50
36 54
36 58
36 59
36 60
36 61
36 62
36 64
36 65
36 66
36 68
36 71
36 137
36 152
36 154
36 183
36 184
37 30
37 32
37 33
37 34
37 35
37 36
37 38
37 40
37 41
37 42
37 45
37 49
37 54
37 58
37 64
37 66
37 68
37 69
37 71
38 30
38 31
38 32
38 33
38 34
38 35
38 36
38 37
38 39
38 40
38 41
38 42
38 43
38 44
38 45
38 49
38 58
38 64
38 66
39 30
39 31
39 32
39 33
39 35
39 36
39 38
39 40
39 42
39 43
39 49
39 50
39 58
39 59
39 60
39 61
39 62
39 64
39 65
39 68
39 69
39 112
39 194
40 29
40 30
40 31
40 32
40 33
40 34
40 35
40 36
40 37
40 38
40 39
40 41
40 42
40 43
40 44
40 45
40 48
40 49
40 50
40 51
40 54
40 55
40 56
40 57
40 58
40 59
40 60
40 61
40 63
40 64
40 65
40 66
40 67
40 68
40 71
40 123
40 137
40 152
40 154
41 30
41 31
41 32
41 33
41 34
41 35
41 37
41 38
41 40
41 42
41 43
41 44
41 45
41 49
41 54
41 58
41 64
41 66
41 68
41 69
41 71
41 179
42 30
42 31
42 32
42 33
42 34
42 35
42 36
42 37
42 38
42 39
42 40
42 41
42 43
42 44
42 45
42 50
42 58
42 59
42 60
42 61
42 64
42 66
42 68
43 30
43 31
43 32
43 33
43 34
43 35
43 36
43 38
43 39
43 40
43 41
43 42
43 44
43 45
43 49
43 58
43 59
43 60
43 64
43 66
43 68
43 70
43 71
43 154
44 30
44 31
44 32
44 33
44 34
44 35
44 38
44 40
44 41
44 42
44 43
44 45
44 49
44 50
44 58
44 59
44 60
44 62
44 64
44 66
44 68
44 115
44 154
44 159
45 30
45 31
45 32
45 33
45 34
45 35
45 37
45 38
45 40
45 41
45 42
45 43
45 44
45 49
45 54
45 58
45 64
45 66
45 68
45 69
45 71
45 80
45 124
45 125
45 126
45 127
45 128
45 131
45 133
45 134
45 135
46 5
46 25
46 33
46 52
46 53
46 65
46 72
46 73
46 74
46 78
46 82
46 83
46 84
46 85
46 88
46 102
46 103
46 113
46 115
46 117
46 136
46 137
46 138
46 155
47 33
48 29
48 30
48 31
48 33
48 40
48 50
48 51
48 56
48 60
48 63
48 64
48 67
48 68
49 29
49 30
49 31
49 33
49 34
49 35
49 36
49 37
49 38
49 39
49 40
49 41
49 43
49 44
49 45
49 50
49 54
49 58
49 59
49 60
49 62
49 64
49 66
49 68
49 69
49 71
49 154
49 159
50 29
50 30
50 31
50 33
50 35
50 36
50 39
50 40
50 42
50 44
50 48
50 49
50 51
50 54
50 56
50 58
50 59
50 60
50 61
50 62
50 63
50 64
50 65
50 66
50 67
50 68
50 71
50 137
50 152
50 154
50 159
51 29
51 30
51 31
51 33
51 40
51 48
51 50
51 55
51 56
51 57
51 60
51 63
51 64
51 65
51 67
51 68
51 123
51 181
51 182
52 5
52 8
52 17
52 18
52 25
52 26
52 33
52 46
52 53
52 68
52 72
52 73
52 74
52 78
52 79
52 80
52 81
52 82
52 83
52 84
52 85
52 86
52 89
52 91
52 95
52 96
52 97
52 98
52 102
52 107
52 108
52 109
52 110
52 112
52 117
52 136
52 137
52 138
52 151
52 152
52 153
52 189
53 5
53 25
53 33
53 46
53 52
53 65
53 72
53 73
53 74
53 78
53 79
53 80
53 82
53 83
53 84
53 85
53 88
53 89
53 91
53 95
53 96
53 97
53 98
53 102
53 103
53 107
53 108
53 109
53 113
53 115
53 117
53 118
53 121
53 122
53 136
53 137
53 138
54 11
54 30
54 31
54 33
54 34
54 35
54 36
54 37
54 40
54 41
54 45
54 49
54 50
54 58
54 59
54 60
54 64
54 65
54 66
54 68
54 69
54 71
54 87
54 88
54 119
54 123
54 136
54 137
54 152
54 154
54 187
55 30
55 31
55 33
55 40
55 51
55 56
55 57
55 58
55 60
55 63
55 64
55 65
55 67
55 68
55 70
55 123
55 159
56 29
56 31
56 33
56 40
56 48
56 50
56 51
56 55
56 57
56 60
56 63
56 64
56 65
56 67
56 68
56 123
57 30
57 31
57 33
57 40
57 51
57 55
57 56
57 58
57 60
57 63
57 64
57 65
57 67
57 68
57 70
57 82
57 120
57 122
57 123
57 187
58 29
58 30
58 31
58 33
58 34
58 35
58 36
58 37
58 38
58 39
58 40
58 41
58 42
58 43
58 44
58 45
58 49
58 50
58 54
58 55
58 57
58 59
58 60
58 61
58 62
58 64
58 65
58 66
58 68
58 69
58 70
58 71
58 87
58 88
58 137
58 152
58 154
58 159
58 183
58 184
59 29
59 30
59 31
59 33
59 35
59 36
59 39
59 40
59 42
59 43
59 44
59 49
59 50
59 54
59 58
59 60
59 61
59 62
59 64
59 65
59 66
59 68
59 71
59 82
59 87
59 91
59 100
59 137
59 152
59 154
59 159
59 178
59 179
60 24
60 25
60 26
60 29
60 30
60 31
60 33
60 35
60 36
60 39
60 40
60 42
60 43
60 44
60 48
60 49
60 50
60 51
60 54
60 55
60 56
60 57
60 58
60 59
60 61
60 62
60 63
60 64
60 65
60 66
60 67
60 68
60 70
60 71
60 72
60 87
60 88
60 92
60 100
60 103
60 107
60 108
60 109
60 115
60 122
60 137
60 142
60 152
60 154
60 159
60 183
60 184
61 30
61 31
61 33
61 36
61 39
61 40
61 42
61 50
61 58
61 59
61 60
61 62
61 64
61 65
61 68
61 152
61 183
61 184
62 29
62 33
62 35
62 36
62 39
62 44
62 49
62 50
62 58
62 59
62 60
62 61
62 64
62 66
62 154
62 159
63 29
63 30
63 31
63 33
63 40
63 48
63 50
63 51
63 55
63 56
63 57
63 60
63 64
63 65
63 67
63 68
63 123
64 29
64 30
64 31
64 33
64 34
64 35
64 36
64 37
64 38
64 39
64 40
64 41
64 42
64 43
64 44
64 45
64 48
64 49
64 50
64 51
64 54
64 55
64 56
64 57
64 58
64 59
64 60
64 61
64 62
64 63
64 65
64 66
64 67
64 68
64 69
64 71
64 115
64 137
64 152
64 154
65 0
65 1
65 3
65 5
65 7
65 8
65 9
65 10
65 11
65 12
65 13
65 16
65 17
65 18
65 21
65 22
65 26
65 30
65 31
65 33
65 36
65 39
65 40
65 46
65 50
65 51
65 53
65 54
65 55
65 56
65 57
65 58
65 59
65 60
65 61
65 63
65 64
65 66
65 67
65 68
65 70
65 71
65 72
65 73
65 74
65 78
65 82
65 86
65 87
65 88
65 91
65 93
65 94
65 98
65 99
65 100
65 101
65 102
65 103
65 104
65 105
65 106
65 107
65 108
65 109
65 110
65 111
65 112
65 113
65 114
65 115
65 116
65 118
65 119
65 120
65 121
65 122
65 123
65 132
65 134
65 137
65 147
65 149
65 152
65 153
65 154
65 155
65 156
65 157
65 158
65 170
65 171
65 183
65 184
65 185
65 186
65 187
65 190
65 191
65 192
66 29
66 30
66 31
66 33
66 34
66 35
66 36
66 37
66 38
66 40
66 41
66 42
66 43
66 44
66 45
66 49
66 50
66 54
66 58
66 59
66 60
66 62
66 64
66 65
66 68
66 69
66 71
66 137
66 152
66 154
66 159
67 29
67 31
67 33
67 40
67 48
67 50
67 51
67 55
67 56
67 57
67 60
67 63
67 64
67 65
67 68
67 123
67 159
68 25
68 26
68 29
68 30
68 31
68 33
68 34
68 35
68 36
68 37
68 39
68 40
68 41
68 42
68 43
68 44
68 45
68 48
68 49
68 50
68 51
68 52
68 54
68 55
68 56
68 57
68 58
68 59
68 60
68 61
68 63
68 64
68 65
68 66
68 67
68 69
68 70
68 71
68 72
68 82
68 86
68 91
68 112
68 117
68 118
68 122
68 123
68 137
68 139
68 152
68 154
68 181
68 182
68 195
69 30
69 33
69 34
69 35
69 37
69 39
69 41
69 45
69 49
69 54
69 58
69 64
69 66
69 68
69 71
69 112
69 178
69 179
69 180
69 188
70 29
70 30
70 31
70 33
70 43
70 55
70 57
70 58
70 60
70 65
70 68
70 140
71 30
71 31
71 33
71 34
71 35
71 36
71 37
71 40
71 41
71 43
71 45
71 49
71 50
71 54
71 58
71 59
71 60
71 64
71 65
71 66
71 68
71 69
71 137
71 152
71 154
72 5
72 8
72 10
72 11
72 12
72 13
72 16
72 17
72 18
72 21
72 24
72 25
72 26
72 33
72 46
72 52
72 53
72 60
72 65
72 68
72 73
72 74
72 78
72 81
72 82
72 83
72 84
72 85
72 86
72 87
72 88
72 91
72 92
72 95
72 102
72 103
72 107
72 108
72 109
72 110
72 112
72 115
72 117
72 120
72 123
72 136
72 137
72 138
72 142
72 147
72 153
72 156
72 157
72 158
72 191
72 192
73 5
73 8
73 17
73 18
73 25
73 26
73 33
73 46
73 52
73 53
73 65
73 72
73 74
73 78
73 79
73 80
73 81
73 82
73 83
73 84
73 85
73 86
73 89
73 91
73 95
73 96
73 97
73 98
73 102
73 107
73 108
73 109
73 110
73 112
73 117
73 118
73 121
73 122
73 136
73 137
73 138
73 151
73 152
73 153
73 189
74 5
74 8
74 10
74 11
74 12
74 13
74 16
74 17
74 18
74 25
74 33
74 46
74 52
74 53
74 65
74 72
74 73
74 78
74 81
74 83
74 84
74 85
74 91
74 102
74 109
74 110
74 112
74 117
74 123
74 136
74 137
74 138
74 147
74 156
74 157
74 158
75 76
75 77
76 28
76 75
76 77
77 28
77 75
77 76
77 180
78 5
78 6
78 8
78 9
78 14
78 16
78 18
78 21
78 22
78 24
78 26
78 46
78 52
78 53
78 65
78 72
78 73
78 74
78 79
78 80
78 81
78 82
78 83
78 84
78 85
78 86
78 87
78 88
78 89
78 90
78 91
78 92
78 93
78 94
78 95
78 96
78 97
78 98
78 99
78 100
78 101
78 102
78 103
78 104
78 105
78 106
78 107
78 108
78 109
78 110
78 111
78 112
78 113
78 114
78 115
78 116
78 117
79 5
79 6
79 14
79 24
79 52
79 53
79 73
79 78
79 80
79 82
79 85
79 87
79 88
79 89
79 92
79 96
79 97
79 98
79 101
79 103
79 104
79 106
79 107
79 108
79 109
79 115
79 117
80 45
80 52
80 53
80 73
80 78
80 79
80 82
80 89
80 96
80 97
80 98
80 107
80 108
80 109
80 124
80 125
80 126
80 127
80 128
80 131
80 133
80 134
80 135
81 5
81 8
81 25
81 26
81 52
81 72
81 73
81 74
81 78
81 82
81 83
81 84
81 86
81 88
81 90
81 91
81 92
81 102
81 107
81 108
81 109
81 110
81 112
81 115
81 117
81 123
82 5
82 25
82 26
82 46
82 52
82 53
82 57
82 59
82 65
82 68
82 72
82 73
82 78
82 79
82 80
82 81
82 86
82 87
82 88
82 89
82 91
82 96
82 97
82 98
82 100
82 101
82 103
82 107
82 108
82 109
82 112
82 113
82 115
82 117
82 120
82 121
82 122
82 123
82 134
82 136
82 187
82 189
83 5
83 8
83 25
83 26
83 46
83 52
83 53
83 72
83 73
83 74
83 78
83 81
83 84
83 85
83 86
83 91
83 102
83 107
83 109
83 110
83 112
83 117
83 136
83 137
83 138
84 5
84 8
84 17
84 18
84 25
84 26
84 46
84 52
84 53
84 72
84 73
84 74
84 78
84 81
84 83
84 85
84 86
84 91
84 95
84 98
84 102
84 107
84 109
84 110
84 112
84 117
84 136
84 137
84 138
84 151
84 152
84 153
85 5
85 24
85 25
85 46
85 52
85 53
85 72
85 73
85 74
85 78
85 79
85 83
85 84
85 87
85 88
85 95
85 96
85 98
85 101
85 102
85 103
85 104
85 106
85 107
85 111
85 115
85 117
85 126
85 136
85 137
85 138
85 162
85 163
86 8
86 14
86 20
86 25
86 26
86 52
86 65
86 68
86 72
86 73
86 78
86 81
86 82
86 83
86 84
86 88
86 91
86 92
86 101
86 107
86 109
86 110
86 112
86 115
86 117
86 123
86 131
86 174
86 191
87 5
87 9
87 11
87 16
87 18
87 21
87 22
87 24
87 25
87 26
87 54
87 58
87 59
87 60
87 65
87 72
87 78
87 79
87 82
87 85
87 88
87 92
87 93
87 94
87 95
87 96
87 98
87 99
87 100
87 101
87 103
87 104
87 105
87 106
87 107
87 108
87 109
87 111
87 114
87 115
87 116
87 117
87 119
87 120
87 121
87 122
87 123
87 142
87 152
87 153
87 172
87 187
87 192
88 5
88 9
88 11
88 16
88 18
88 21
88 22
88 24
88 25
88 26
88 30
88 46
88 53
88 54
88 58
88 60
88 65
88 72
88 78
88 79
88 81
88 82
88 85
88 86
88 87
88 91
88 92
88 93
88 94
88 95
88 96
88 98
88 99
88 100
88 101
88 103
88 104
88 105
88 106
88 107
88 108
88 109
88 110
88 111
88 112
88 113
88 114
88 115
88 116
88 117
88 119
88 120
88 121
88 122
88 123
88 142
88 152
88 153
88 155
88 161
88 187
88 192
89 6
89 14
89 21
89 26
89 29
89 52
89 53
89 73
89 78
89 79
89 80
89 82
89 90
89 91
89 95
89 96
89 97
89 98
89 99
89 107
89 108
89 109
89 117
89 120
89 121
89 124
89 129
89 130
89 132
89 136
90 5
90 6
90 14
90 26
90 78
90 81
90 89
90 108
90 109
91 5
91 8
91 10
91 11
91 12
91 13
91 14
91 16
91 17
91 18
91 20
91 21
91 25
91 26
91 52
91 53
91 59
91 65
91 68
91 72
91 73
91 74
91 78
91 81
91 82
91 83
91 84
91 86
91 88
91 89
91 92
91 95
91 98
91 101
91 104
91 107
91 109
91 110
91 112
91 113
91 115
91 117
91 118
91 120
91 121
91 122
91 123
91 131
91 132
91 136
91 147
91 156
91 157
91 158
91 161
91 172
91 174
91 189
91 191
92 6
92 14
92 24
92 25
92 26
92 60
92 72
92 78
92 79
92 81
92 86
92 87
92 88
92 91
92 96
92 98
92 103
92 107
92 108
92 109
92 115
92 117
92 142
92 155
93 5
93 9
93 16
93 18
93 21
93 22
93 25
93 65
93 78
93 87
93 88
93 94
93 95
93 98
93 99
93 100
93 101
93 103
93 105
93 111
93 114
93 115
93 116
93 120
93 121
93 153
93 192
94 5
94 9
94 16
94 18
94 21
94 22
94 25
94 65
94 78
94 87
94 88
94 93
94 95
94 98
94 99
94 100
94 103
94 105
94 111
94 114
94 115
94 116
94 120
94 121
94 153
94 192
95 5
95 9
95 16
95 18
95 21
95 22
95 25
95 29
95 52
95 53
95 72
95 73
95 78
95 84
95 85
95 87
95 88
95 89
95 91
95 93
95 94
95 99
95 100
95 105
95 110
95 114
95 115
95 116
95 117
95 120
95 121
95 124
95 125
95 126
95 129
95 130
95 132
95 138
95 151
95 162
95 163
96 5
96 6
96 14
96 24
96 26
96 52
96 53
96 73
96 78
96 79
96 80
96 82
96 85
96 87
96 88
96 89
96 92
96 97
96 98
96 101
96 103
96 104
96 106
96 107
96 108
96 109
96 115
96 117
97 52
97 53
97 73
97 78
97 79
97 80
97 82
97 89
97 96
97 98
97 107
97 108
97 109
98 5
98 6
98 14
98 17
98 18
98 24
98 52
98 53
98 65
98 73
98 78
98 79
98 80
98 82
98 84
98 85
98 87
98 88
98 89
98 91
98 92
98 93
98 94
98 96
98 97
98 100
98 101
98 103
98 104
98 105
98 106
98 107
98 108
98 109
98 114
98 115
98 116
98 117
98 122
98 136
98 137
98 151
98 152
98 153
99 2
99 5
99 9
99 10
99 11
99 12
99 13
99 16
99 17
99 18
99 19
99 21
99 22
99 29
99 65
99 78
99 87
99 88
99 89
99 93
99 94
99 95
99 100
99 105
99 114
99 115
99 116
99 119
99 120
99 121
99 124
99 126
99 129
99 130
99 131
99 132
99 135
99 147
99 148
99 150
99 157
99 162
99 163
99 164
99 165
99 166
99 167
99 168
99 169
99 170
99 171
99 172
99 185
99 186
99 187
100 5
100 9
100 16
100 18
100 21
100 22
100 25
100 59
100 60
100 65
100 78
100 82
100 87
100 88
100 93
100 94
100 95
100 98
100 99
100 103
100 105
100 106
100 111
100 114
100 115
100 116
100 120
100 121
100 122
100 153
100 192
101 5
101 9
101 22
101 24
101 26
101 65
101 78
101 79
101 82
101 85
101 86
101 87
101 88
101 91
101 93
101 96
101 98
101 103
101 104
101 106
101 107
101 109
101 112
101 113
101 115
101 117
101 118
101 122
101 123
102 5
102 25
102 46
102 52
102 53
102 65
102 72
102 73
102 74
102 78
102 81
102 83
102 84
102 85
102 110
102 117
102 120
102 136
102 137
102 138
102 153
102 191
102 192
103 5
103 24
103 25
103 26
103 46
103 53
103 60
103 65
103 72
103 78
103 79
103 82
103 85
103 87
103 88
103 92
103 93
103 94
103 96
103 98
103 100
103 101
103 104
103 105
103 106
103 107
103 108
103 109
103 111
103 113
103 114
103 115
103 116
103 117
103 142
104 5
104 9
104 18
104 22
104 24
104 65
104 78
104 79
104 85
104 87
104 88
104 91
104 96
104 98
104 101
104 103
104 106
104 107
104 115
104 117
104 118
104 122
104 123
105 5
105 9
105 16
105 18
105 21
105 22
105 25
105 65
105 78
105 87
105 88
105 93
105 94
105 95
105 98
105 99
105 100
105 103
105 106
105 111
105 114
105 115
105 116
105 120
105 121
105 153
105 192
106 5
106 24
106 26
106 65
106 78
106 79
106 85
106 87
106 88
106 96
106 98
106 100
106 101
106 103
106 104
106 105
106 107
106 111
106 113
106 114
106 115
106 116
106 117
107 5
107 7
107 8
107 9
107 17
107 18
107 21
107 22
107 24
107 25
107 26
107 52
107 53
107 60
107 65
107 72
107 73
107 78
107 79
107 80
107 81
107 82
107 83
107 84
107 85
107 86
107 87
107 88
107 89
107 91
107 92
107 96
107 97
107 98
107 101
107 103
107 104
107 106
107 108
107 109
107 110
107 112
107 115
107 117
107 118
107 121
107 122
107 123
107 132
107 137
107 142
107 151
107 152
107 153
107 155
107 157
107 185
107 190
107 191
108 5
108 6
108 14
108 24
108 25
108 26
108 52
108 53
108 60
108 65
108 72
108 73
108 78
108 79
108 80
108 81
108 82
108 87
108 88
108 89
108 90
108 92
108 96
108 97
108 98
108 103
108 107
108 109
108 115
108 122
108 142
109 5
109 6
109 8
109 10
109 11
109 12
109 13
109 14
109 16
109 17
109 18
109 24
109 25
109 26
109 52
109 53
109 60
109 65
109 72
109 73
109 74
109 78
109 79
109 80
109 81
109 82
109 83
109 84
109 86
109 87
109 88
109 89
109 90
109 91
109 92
109 96
109 97
109 98
109 101
109 103
109 107
109 108
109 110
109 112
109 115
109 117
109 122
109 123
109 142
109 147
109 156
109 157
109 158
110 2
110 8
110 10
110 11
110 12
110 13
110 16
110 17
110 18
110 19
110 21
110 25
110 26
110 52
110 65
110 72
110 73
110 74
110 78
110 81
110 83
110 84
110 86
110 88
110 91
110 95
110 102
110 107
110 109
110 112
110 115
110 117
110 119
110 120
110 123
110 136
110 138
110 147
110 153
110 156
110 157
110 158
110 169
110 170
110 171
110 172
110 191
110 192
111 25
111 65
111 78
111 85
111 87
111 88
111 93
111 94
111 100
111 103
111 105
111 106
111 114
111 115
111 116
111 120
111 121
111 153
111 172
111 192
112 8
112 10
112 11
112 12
112 13
112 14
112 16
112 17
112 18
112 25
112 26
112 35
112 39
112 52
112 65
112 68
112 69
112 72
112 73
112 74
112 78
112 81
112 82
112 83
112 84
112 86
112 88
112 91
112 101
112 107
112 109
112 110
112 115
112 117
112 123
112 147
112 156
112 157
112 158
113 24
113 26
113 46
113 53
113 65
113 78
113 82
113 88
113 91
113 101
113 103
113 106
113 115
113 122
113 196
114 5
114 9
114 16
114 18
114 21
114 22
114 25
114 65
114 78
114 87
114 88
114 93
114 94
114 95
114 98
114 99
114 100
114 103
114 105
114 106
114 111
114 115
114 116
114 120
114 121
114 153
114 192
115 5
115 9
115 16
115 18
115 21
115 22
115 24
115 25
115 26
115 44
115 46
115 53
115 60
115 64
115 65
115 72
115 78
115 79
115 81
115 82
115 85
115 86
115 87
115 88
115 91
115 92
115 93
115 94
115 95
115 96
115 98
115 99
115 100
115 101
115 103
115 104
115 105
115 106
115 107
115 108
115 109
115 110
115 111
115 112
115 113
115 114
115 116
115 117
115 120
115 121
115 123
115 142
115 153
115 161
115 192
116 5
116 9
116 16
116 18
116 21
116 22
116 25
116 65
116 78
116 87
116 88
116 93
116 94
116 95
116 98
116 99
116 100
116 103
116 105
116 106
116 111
116 114
116 115
116 120
116 121
116 122
116 153
116 192
117 5
117 8
117 20
117 21
117 24
117 25
117 26
117 46
117 52
117 53
117 68
117 72
117 73
117 74
117 78
117 79
117 81
117 82
117 83
117 84
117 85
117 86
117 87
117 88
117 89
117 91
117 92
117 95
117 96
117 98
117 101
117 102
117 103
117 104
117 106
117 107
117 109
117 110
117 112
117 115
117 131
117 136
117 137
117 138
117 174
117 191
118 0
118 5
118 9
118 18
118 22
118 53
118 65
118 68
118 73
118 91
118 101
118 104
118 107
118 120
118 121
118 122
118 123
119 0
119 2
119 5
119 9
119 10
119 11
119 12
119 13
119 16
119 17
119 18
119 19
119 21
119 22
119 54
119 65
119 87
119 88
119 99
119 110
119 123
119 126
119 131
119 133
119 135
119 147
119 148
119 150
119 151
119 152
119 158
119 162
119 163
119 164
119 165
119 166
119 167
119 168
119 169
119 170
119 171
119 172
119 187
120 0
120 5
120 11
120 18
120 21
120 29
120 57
120 65
120 72
120 82
120 87
120 88
120 89
120 91
120 93
120 94
120 95
120 99
120 100
120 102
120 105
120 110
120 111
120 114
120 115
120 116
120 118
120 121
120 122
120 123
120 124
120 129
120 130
120 132
120 153
120 157
120 185
120 186
120 187
120 191
120 192
121 0
121 5
121 11
121 18
121 21
121 29
121 53
121 65
121 73
121 82
121 87
121 88
121 89
121 91
121 93
121 94
121 95
121 99
121 100
121 105
121 107
121 111
121 114
121 115
121 116
121 118
121 120
121 122
121 123
121 124
121 129
121 130
121 132
121 153
121 157
121 185
121 186
121 187
121 192
122 0
122 5
122 9
122 18
122 21
122 22
122 26
122 53
122 57
122 60
122 65
122 68
122 73
122 82
122 87
122 88
122 91
122 98
122 100
122 101
122 104
122 107
122 108
122 109
122 113
122 116
122 118
122 120
122 121
122 123
122 187
123 0
123 1
123 5
123 7
123 8
123 9
123 10
123 11
123 12
123 13
123 16
123 17
123 18
123 22
123 25
123 40
123 51
123 54
123 55
123 56
123 57
123 63
123 65
123 67
123 68
123 72
123 74
123 81
123 82
123 86
123 87
123 88
123 91
123 101
123 104
123 107
123 109
123 110
123 112
123 115
123 118
123 119
123 120
123 121
123 122
123 147
123 152
123 156
123 157
123 158
123 185
123 187
124 21
124 29
124 45
124 80
124 89
124 95
124 99
124 120
124 121
124 125
124 126
124 127
124 128
124 129
124 130
124 131
124 132
124 133
124 134
124 135
125 5
125 21
125 45
125 80
125 95
125 124
125 126
125 127
125 128
125 131
125 133
125 134
125 135
126 2
126 5
126 10
126 11
126 12
126 13
126 16
126 17
126 18
126 19
126 21
126 45
126 80
126 85
126 95
126 99
126 119
126 124
126 125
126 127
126 128
126 131
126 133
126 134
126 135
126 138
126 146
126 147
126 148
126 150
126 162
126 163
126 164
126 165
126 166
126 167
126 168
126 169
126 170
126 171
126 172
127 45
127 80
127 124
127 125
127 126
127 128
127 129
127 131
127 133
127 134
127 135
127 146
127 147
127 164
127 165
127 166
127 168
127 173
127 174
128 1
128 5
128 7
128 9
128 21
128 45
128 80
128 124
128 125
128 126
128 127
128 131
128 133
128 134
128 135
128 146
128 155
128 181
128 182
129 21
129 29
129 89
129 95
129 99
129 120
129 121
129 124
129 127
129 130
129 131
129 132
129 135
129 146
129 164
129 165
129 173
129 174
129 181
129 182
130 21
130 29
130 89
130 95
130 99
130 120
130 121
130 124
130 129
130 132
130 135
130 139
130 153
131 2
131 5
131 9
131 10
131 11
131 12
131 13
131 16
131 17
131 18
131 19
131 20
131 21
131 22
131 45
131 80
131 86
131 91
131 99
131 117
131 119
131 124
131 125
131 126
131 127
131 128
131 129
131 133
131 134
131 135
131 146
131 147
131 148
131 150
131 162
131 163
131 164
131 165
131 166
131 167
131 168
131 169
131 170
131 171
131 172
131 173
131 174
131 175
131 176
131 177
131 191
132 7
132 21
132 29
132 65
132 89
132 91
132 95
132 99
132 107
132 120
132 121
132 124
132 129
132 130
132 155
132 190
133 17
133 45
133 80
133 119
133 124
133 125
133 126
133 127
133 128
133 131
133 134
133 135
133 146
133 151
133 166
133 169
133 170
133 171
134 45
134 65
134 80
134 82
134 124
134 125
134 126
134 127
134 128
134 131
134 133
134 135
134 148
134 157
134 163
134 167
134 177
134 185
134 190
135 2
135 5
135 7
135 9
135 10
135 11
135 12
135 13
135 16
135 17
135 18
135 19
135 21
135 45
135 80
135 99
135 119
135 124
135 125
135 126
135 127
135 128
135 129
135 130
135 131
135 133
135 134
135 146
135 147
135 148
135 150
135 151
135 153
135 162
135 163
135 164
135 165
135 166
135 167
135 168
135 169
135 170
135 171
135 172
135 173
135 174
136 5
136 25
136 46
136 52
136 53
136 54
136 72
136 73
136 74
136 82
136 83
136 84
136 85
136 89
136 91
136 98
136 102
136 110
136 117
136 137
136 138
137 5
137 17
137 18
137 25
137 30
137 31
137 36
137 40
137 46
137 50
137 52
137 53
137 54
137 58
137 59
137 60
137 64
137 65
137 66
137 68
137 71
137 72
137 73
137 74
137 83
137 84
137 85
137 98
137 102
137 107
137 117
137 136
137 138
137 151
137 152
137 153
137 154
138 5
138 25
138 46
138 52
138 53
138 72
138 73
138 74
138 83
138 84
138 85
138 95
138 102
138 110
138 117
138 126
138 136
138 137
138 162
138 163
139 29
139 34
139 68
139 130
139 140
139 141
140 29
140 34
140 70
140 139
140 141
141 28
141 29
141 34
141 139
141 140
142 24
142 25
142 26
142 60
142 72
142 87
142 88
142 92
142 103
142 107
142 108
142 109
142 115
143 1
143 8
143 15
143 144
143 145
143 146
143 147
143 148
144 1
144 7
144 8
144 15
144 143
144 145
144 146
144 147
144 148
145 1
145 8
145 15
145 143
145 144
145 146
145 147
145 148
146 1
146 5
146 7
146 9
146 15
146 21
146 126
146 127
146 128
146 129
146 131
146 133
146 135
146 143
146 144
146 145
146 147
146 148
146 164
146 165
146 166
146 168
146 173
146 174
147 1
147 2
147 5
147 8
147 10
147 11
147 12
147 13
147 15
147 16
147 17
147 18
147 19
147 21
147 65
147 72
147 74
147 91
147 99
147 109
147 110
147 112
147 119
147 123
147 126
147 127
147 131
147 135
147 143
147 144
147 145
147 146
147 148
147 150
147 156
147 157
147 158
147 162
147 163
147 164
147 165
147 166
147 167
147 168
147 169
147 170
147 171
147 172
148 1
148 2
148 5
148 10
148 11
148 12
148 13
148 15
148 16
148 17
148 18
148 19
148 21
148 99
148 119
148 126
148 131
148 134
148 135
148 143
148 144
148 145
148 146
148 147
148 150
148 162
148 163
148 164
148 165
148 166
148 167
148 168
148 169
148 170
148 171
148 172
148 177
148 190
149 65
149 150
150 2
150 5
150 10
150 11
150 12
150 13
150 16
150 17
150 18
150 19
150 21
150 99
150 119
150 126
150 131
150 135
150 147
150 148
150 149
150 162
150 163
150 164
150 165
150 166
150 167
150 168
150 169
150 170
150 171
150 172
151 3
151 4
151 5
151 8
151 17
151 18
151 21
151 52
151 73
151 84
151 95
151 98
151 107
151 119
151 133
151 135
151 137
151 152
151 153
151 162
151 163
151 166
151 169
151 170
151 171
151 175
151 176
152 5
152 11
152 17
152 18
152 30
152 31
152 36
152 40
152 50
152 52
152 54
152 58
152 59
152 60
152 61
152 64
152 65
152 66
152 68
152 71
152 73
152 84
152 87
152 88
152 98
152 107
152 119
152 123
152 137
152 151
152 153
152 154
152 183
152 184
152 187
152 189
153 3
153 4
153 5
153 8
153 17
153 18
153 52
153 65
153 72
153 73
153 84
153 87
153 88
153 93
153 94
153 98
153 100
153 102
153 105
153 107
153 110
153 111
153 114
153 115
153 116
153 120
153 121
153 130
153 135
153 137
153 151
153 152
153 158
153 162
153 163
153 175
153 176
153 191
153 192
154 30
154 31
154 35
154 36
154 40
154 43
154 44
154 49
154 50
154 54
154 58
154 59
154 60
154 62
154 64
154 65
154 66
154 68
154 71
154 137
154 152
154 159
155 1
155 5
155 7
155 21
155 46
155 65
155 88
155 92
155 107
155 128
155 132
156 8
156 10
156 11
156 12
156 13
156 16
156 17
156 18
156 65
156 72
156 74
156 91
156 109
156 110
156 112
156 123
156 147
156 157
156 158
157 1
157 7
157 8
157 10
157 11
157 12
157 13
157 16
157 17
157 18
157 65
157 72
157 74
157 91
157 99
157 107
157 109
157 110
157 112
157 120
157 121
157 123
157 134
157 147
157 156
157 158
157 185
157 186
157 187
158 1
158 3
158 7
158 8
158 10
158 11
158 12
158 13
158 16
158 17
158 18
158 65
158 72
158 74
158 91
158 109
158 110
158 112
158 119
158 123
158 147
158 153
158 156
158 157
158 171
159 29
159 30
159 35
159 44
159 49
159 50
159 55
159 58
159 59
159 60
159 62
159 66
159 67
159 154
160 161
161 88
161 91
161 115
161 160
162 2
162 3
162 4
162 5
162 8
162 10
162 11
162 12
162 13
162 16
162 17
162 18
162 19
162 21
162 85
162 95
162 99
162 119
162 126
162 131
162 135
162 138
162 147
162 148
162 150
162 151
162 153
162 163
162 164
162 165
162 166
162 167
162 168
162 169
162 170
162 171
162 172
162 177
162 190
163 2
163 3
163 4
163 5
163 8
163 10
163 11
163 12
163 13
163 16
163 17
163 18
163 19
163 21
163 85
163 95
163 99
163 119
163 126
163 131
163 134
163 135
163 138
163 147
163 148
163 150
163 151
163 153
163 162
163 164
163 165
163 166
163 167
163 168
163 169
163 170
163 171
163 172
163 177
163 190
164 2
164 5
164 10
164 11
164 12
164 13
164 16
164 17
164 18
164 19
164 21
164 99
164 119
164 126
164 127
164 129
164 131
164 135
164 146
164 147
164 148
164 150
164 162
164 163
164 165
164 166
164 167
164 168
164 169
164 170
164 171
164 172
164 173
164 174
165 2
165 5
165 10
165 11
165 12
165 13
165 16
165 17
165 18
165 19
165 21
165 99
165 119
165 126
165 127
165 129
165 131
165 135
165 146
165 147
165 148
165 150
165 162
165 163
165 164
165 166
165 167
165 168
165 169
165 170
165 171
165 172
165 173
165 174
166 2
166 5
166 10
166 11
166 12
166 13
166 16
166 17
166 18
166 19
166 21
166 22
166 99
166 119
166 126
166 127
166 131
166 133
166 135
166 146
166 147
166 148
166 150
166 151
166 162
166 163
166 164
166 165
166 167
166 168
166 169
166 170
166 171
166 172
166 175
166 176
166 177
167 2
167 5
167 10
167 11
167 12
167 13
167 16
167 17
167 18
167 19
167 21
167 99
167 119
167 126
167 131
167 134
167 135
167 147
167 148
167 150
167 162
167 163
167 164
167 165
167 166
167 168
167 169
167 170
167 171
167 172
167 177
167 190
168 2
168 5
168 10
168 11
168 12
168 13
168 16
168 17
168 18
168 19
168 21
168 99
168 119
168 126
168 127
168 131
168 135
168 146
168 147
168 148
168 150
168 162
168 163
168 164
168 165
168 166
168 167
168 169
168 170
168 171
168 172
169 2
169 5
169 10
169 11
169 12
169 13
169 16
169 17
169 18
169 19
169 21
169 99
169 110
169 119
169 126
169 131
169 133
169 135
169 147
169 148
169 150
169 151
169 162
169 163
169 164
169 165
169 166
169 167
169 168
169 170
169 171
169 172
170 2
170 5
170 10
170 11
170 12
170 13
170 16
170 17
170 18
170 19
170 21
170 65
170 99
170 110
170 119
170 126
170 131
170 133
170 135
170 147
170 148
170 150
170 151
170 162
170 163
170 164
170 165
170 166
170 167
170 168
170 169
170 171
170 172
171 2
171 5
171 10
171 11
171 12
171 13
171 16
171 17
171 18
171 19
171 21
171 65
171 99
171 110
171 119
171 126
171 131
171 133
171 135
171 147
171 148
171 150
171 151
171 158
171 162
171 163
171 164
171 165
171 166
171 167
171 168
171 169
171 170
171 172
172 2
172 5
172 10
172 11
172 12
172 13
172 16
172 17
172 18
172 19
172 21
172 87
172 91
172 99
172 110
172 111
172 119
172 126
172 131
172 135
172 147
172 148
172 150
172 162
172 163
172 164
172 165
172 166
172 167
172 168
172 169
172 170
172 171
173 127
173 129
173 131
173 135
173 146
173 164
173 165
173 174
173 193
174 20
174 86
174 91
174 117
174 127
174 129
174 131
174 135
174 146
174 164
174 165
174 173
174 191
175 2
175 5
175 11
175 13
175 18
175 19
175 21
175 22
175 131
175 151
175 153
175 166
175 176
175 177
176 2
176 5
176 11
176 13
176 18
176 19
176 21
176 22
176 131
176 151
176 153
176 166
176 175
176 177
177 2
177 5
177 11
177 13
177 18
177 19
177 21
177 22
177 131
177 134
177 148
177 162
177 163
177 166
177 167
177 175
177 176
177 190
178 29
178 59
178 69
178 179
178 180
179 30
179 41
179 59
179 69
179 178
179 180
180 69
180 77
180 178
180 179
180 188
181 29
181 51
181 68
181 128
181 129
181 182
182 29
182 51
182 68
182 128
182 129
182 181
183 36
183 58
183 60
183 61
183 65
183 152
183 184
184 36
184 58
184 60
184 61
184 65
184 152
184 183
185 11
185 12
185 65
185 99
185 107
185 120
185 121
185 123
185 134
185 157
185 186
185 187
186 11
186 65
186 99
186 120
186 121
186 157
186 185
186 187
187 11
187 54
187 57
187 65
187 82
187 87
187 88
187 99
187 119
187 120
187 121
187 122
187 123
187 152
187 157
187 185
187 186
188 30
188 69
188 180
189 5
189 52
189 73
189 82
189 91
189 152
190 7
190 65
190 107
190 132
190 134
190 148
190 162
190 163
190 167
190 177
191 20
191 65
191 72
191 86
191 91
191 102
191 107
191 110
191 117
191 120
191 131
191 153
191 174
191 192
192 65
192 72
192 87
192 88
192 93
192 94
192 100
192 102
192 105
192 110
192 111
192 114
192 115
192 116
192 120
192 121
192 153
192 191
193 173
194 30
194 39
195 68
196 113
