5237
135
4647
974
121
2306
39
920
977
1811
1571
2579
1449
4129
825
1583
3561
1138
5054
1285
1103
1796
3190
594
3200
327
4077
147
1898
2370
633
3395
968
3525
1042
4414
4341
3015
1783
1854
1375
873
1323
119
3221
1985
4283
630
3814
4692
1033
4714
937
4353
1154
1407
2174
4774
1394
1656
2257
2902
1634
1831
5027
5057
283
3359
4496
1974
4788
3370
2966
5037
3887
3903
3501
2529
2040
3977
2009
3564
1892
5030
4805
4925
383
5139
582
2733
2787
4046
4783
4199
2478
1120
994
1710
4388
288
1004
3398
3377
2888
4818
2236
678
917
1229
745
4580
2071
255
1071
4453
1136
2372
5145
2829
1963
2784
269
2687
67
4025
126
2029
4082
388
2628
4521
1670
4108
3927
2929
3070
5176
4868
2307
434
674
4581
1988
3368
4410
2709
2917
4399
3066
3760
780
2373
2128
1386
3035
1788
4101
2420
960
2721
2575
222
3840
440
1096
5021
4689
2629
1436
1874
4265
5003
4753
2152
2825
4802
1612
3072
4778
3861
3885
2258
3346
4506
3791
3067
1861
3071
1398
2381
4225
1043
4436
319
3339
5065
3794
3444
4081
1421
3973
4645
1077
4439
1774
4322
1255
3092
3709
902
291
1538
2761
3003
4624
3131
1472
4476
5015
1164
732
4697
2117
4563
685
1958
1529
2930
181
690
543
4368
4776
2645
2946
289
49
5035
1682
1739
5084
802
2831
1528
4471
3048
3955
4285
1190
3152
4002
412
1014
3486
2359
1438
1862
96
647
3062
552
334
2058
1954
1987
2808
2883
915
91
3380
2265
3069
220
3515
4879
3331
3604
2591
88
5225
3441
3968
4482
5158
2167
666
1413
4733
4178
4886
3213
1800
4935
1307
1890
983
2191
4613
3179
788
3041
4888
2985
4903
304
2928
3033
2612
4756
4611
2489
2552
4856
1129
3487
4473
3965
1439
4870
4109
3112
4220
131
4621
3321
4610
608
3883
4397
1863
4367
3651
4688
4195
2677
4799
2207
4745
2896
569
3016
3472
4166
686
386
157
4210
2322
1146
1897
4906
75
3600
204
4803
2867
413
4900
1593
3145
2526
5117
4813
5001
3878
614
750
1735
1397
478
684
3020
3594
1277
3046
50
4032
4677
3078
859
1679
4308
1137
992
3975
4209
2488
2032
1697
1324
2302
4116
4346
240
3431
418
1123
458
3417
3096
3467
4014
3874
3241
4651
371
1318
778
2912
1621
2376
1929
1445
929
3642
5222
2712
768
896
533
3202
120
671
5050
2915
1209
3966
4318
1484
5202
3621
1038
1293
4690
1899
2070
4596
1707
4079
1997
4552
1301
2028
3495
4817
2675
3173
1402
305
2003
3121
4904
999
4614
1213
2980
4687
1526
3826
3622
3768
287
265
2034
3073
3135
3401
2281
3875
1532
713
4006
3857
2949
1960
4403
1948
1075
525
2807
1127
1540
1711
3374
4968
3891
2667
4588
3477
5179
4725
83
5224
2717
3581
4019
1236
3021
1623
3782
2203
4824
714
4846
2680
5210
4683
573
1047
4083
60
3123
5041
2208
2673
1278
2400
1719
109
1204
323
3278
1185
230
1018
3833
4640
3310
581
4162
3350
1368
3523
1458
4312
3028
5114
1013
219
4839
254
1677
3653
4922
932
3889
794
2320
3032
4444
3011
4964
1724
1295
5220
3097
4708
809
3639
148
1629
161
4330
2551
4161
2168
2957
3160
2321
2740
4825
667
1015
3952
3328
2812
3445
4182
1615
3436
5160
4324
2545
3225
1111
1891
2105
3132
4
1823
3916
235
2791
3140
841
1689
645
1338
3818
1807
390
1585
2972
1726
409
3029
3316
175
4752
2044
3184
3940
4133
4866
5178
4217
234
4907
3235
2818
3325
1943
4652
1329
3672
4295
2130
1288
856
3777
1865
2383
3692
2688
5068
4150
3178
1416
3995
2900
1036
3247
3392
3566
3524
3812
1240
379
945
4070
943
5029
2947
3265
1905
1440
5234
2522
3636
1763
2140
747
990
4723
2015
1001
2450
345
432
4682
3873
5112
4930
4863
4345
5197
1060
2202
2473
1883
1706
726
4796
2846
226
1095
1692
1258
4232
2568
4984
2424
1766
4749
1968
172
871
3194
676
2670
4923
3647
3195
3274
1676
820
1270
3440
4158
4835
1268
840
1935
5013
4292
1721
4547
1165
3512
3367
1920
4389
315
1753
640
2781
4375
4478
3535
1011
2937
1284
2778
183
924
1971
2289
4999
3785
3563
3345
3251
1966
3956
3703
1801
2711
3721
295
2672
3382
2124
3960
2601
1062
2385
5006
3713
858
2342
2958
1566
3923
252
4750
5099
2371
4977
2023
4256
4892
758
933
4240
1189
5018
103
4334
5016
583
446
1253
598
832
2976
3294
2397
5155
3291
2017
3182
2878
1233
2760
4332
1473
3691
408
1349
5213
5130
675
5135
4941
3111
1245
589
1217
2605
3386
4959
3783
2049
3022
2141
2356
1921
2499
629
2938
760
1690
3076
280
3189
811
1821
4335
397
743
1225
4379
2546
3664
706
5096
246
4967
4591
4889
4495
1098
4800
3735
3880
5189
2836
4509
1844
2518
2995
5185
38
1419
764
4666
4937
1188
2881
790
1555
1586
4919
3970
721
178
1067
3411
4226
3050
3541
1652
1492
3648
1778
727
2146
4759
4592
2263
2417
1348
124
3980
3744
162
1361
4028
1873
1030
1084
4740
3994
5063
1546
1882
3196
1916
3509
949
1326
5149
628
2491
2247
1829
2024
5044
724
2839
908
2245
3389
2251
4963
2577
699
3405
140
3740
3697
1953
687
1635
4408
984
396
51
2419
3698
202
3606
2741
626
2328
471
3659
1069
401
522
4279
3526
2217
3088
2094
1611
4181
3922
2835
1314
3296
3323
861
2786
4291
3087
1286
4022
3
2331
1515
3371
348
679
1427
518
1516
1990
830
4214
4351
1976
3537
3690
3510
1853
1432
3790
2631
3303
4994
4026
392
229
4929
3514
5175
1090
839
2537
1838
1740
258
4361
5100
4969
285
1641
1578
214
2840
20
3008
2340
588
3353
4551
1106
3085
3144
428
2796
3869
505
4119
369
2228
4307
4550
1149
4259
1840
4595
2375
4829
4121
813
966
2175
3004
3039
17
3953
1465
852
935
2297
3877
2830
559
495
2309
5167
4062
1832
4721
3682
2290
2407
2749
3941
4329
2646
921
2698
3402
4998
3700
4114
3822
331
1242
2744
48
1822
4309
197
2210
2753
2783
5127
1451
733
4773
3616
1683
2288
279
3611
2126
5010
904
4771
4221
3602
3573
2990
2007
2114
4163
1099
2504
3245
4511
4798
3776
1102
3719
4480
64
1317
4247
2894
3522
2650
511
1179
4567
2534
3761
3199
1475
4369
4222
2707
4242
1357
4492
698
4808
5241
4378
167
1909
3862
438
1973
4707
486
4377
2238
580
512
923
22
560
2644
3545
2171
2442
3466
3094
4173
3356
4531
2334
2422
4949
3597
5017
3242
2163
1037
5142
4350
4112
3557
4251
3749
2742
2805
2382
1289
4483
4924
4979
3280
5204
909
2457
142
3620
115
5170
4011
3654
3301
3570
483
1755
43
3143
3091
5111
4704
4262
3400
25
3775
3352
4183
1741
180
4540
2035
3017
1319
3232
1518
5205
2403
1197
1026
5025
134
2969
1377
4200
1757
1334
2434
4107
1052
1772
3317
365
596
2581
1749
5165
1405
1443
4538
3929
2850
5209
3789
2351
3585
3239
2956
274
5120
4865
1292
1128
1910
1915
3984
3421
4928
3376
113
4064
2046
4727
3707
3172
2379
4395
1232
1271
1367
5171
3850
1685
2116
619
4385
5091
3253
5008
2305
3215
2578
2838
2531
5083
694
3937
3437
3455
3483
770
2192
3518
649
2389
2685
4584
4668
3649
1944
450
1510
3681
2215
612
4188
393
2084
1511
3478
2600
3668
4620
3805
373
462
4539
3150
962
1793
2726
4484
2062
799
3476
4779
1723
3191
682
4355
1577
1792
281
290
4065
4734
3882
1176
4021
1429
875
4719
2560
1462
5163
3596
957
4631
2719
3234
661
3868
1814
1961
2875
253
2832
3723
2198
1539
2311
1415
2083
2185
3608
5164
3208
3502
3821
1596
2921
4031
1091
4303
513
1482
3756
3243
1354
375
759
2668
45
5200
277
1315
2461
1486
4135
3254
3141
347
4057
4572
4884
2674
3055
2852
1562
3834
3661
4250
1864
2609
4472
2948
4493
956
3130
2715
1040
3728
4245
1205
2053
828
2026
1825
4481
3562
995
1746
5094
4246
2214
725
3795
1181
4997
2841
2520
2388
4988
4582
1005
5150
128
1609
1053
775
2528
1028
3767
2925
3676
4327
2423
2871
1860
2107
4311
3192
4615
2745
4639
4618
5061
2123
4701
1644
2895
2697
169
2722
1420
2863
3484
3641
2200
1633
723
2025
3283
689
4088
4227
1076
955
4095
2148
4775
4089
3240
173
5039
4769
907
712
2728
65
3090
4853
5223
2162
86
1143
1321
4787
1640
4029
1399
691
310
1300
568
4134
4658
2952
2350
3758
3212
4519
834
2433
3117
2503
311
4571
3327
1094
4527
4939
2509
5095
5033
1360
2205
2173
2472
1215
3166
2339
2018
894
1385
454
3009
665
4952
3911
5184
441
3030
4042
3803
3045
4359
2727
2750
2267
3424
4149
1178
317
4074
4058
3434
3837
4281
3315
4321
1131
4603
16
3731
1743
368
2221
4515
2209
4111
4146
657
4877
4387
1699
3547
4196
5038
4851
2131
5235
472
561
940
3894
579
1932
3206
672
1649
639
739
4927
602
4883
3506
1498
426
1254
891
2920
4815
1183
2885
5128
655
4386
2951
3954
1448
3685
4340
4902
4674
4037
880
2731
5162
4072
637
2991
194
2884
165
5177
166
3755
5028
3308
2843
4344
1272
1048
1820
2859
1573
1370
1369
2323
4600
405
125
2765
3552
3174
947
3348
150
99
1092
4696
3344
1155
4694
4190
2190
10
3796
0
2643
1675
4274
5089
1430
207
1879
1401
3716
2031
1303
3551
3554
4282
4908
1308
2113
3534
5217
991
2514
4100
2984
5116
1645
648
1937
833
3976
718
2785
1981
2277
245
1639
5055
2412
1714
4300
4474
3108
1760
3275
3286
4559
2559
2561
4950
3306
3126
4382
4992
4435
2570
3595
5233
3560
2844
2454
4253
164
4512
1249
332
4102
3610
1130
4562
3233
5122
3498
972
3519
5076
4522
3663
4060
2112
2702
2737
1651
3933
538
1411
85
341
2413
4503
4842
1025
3913
3542
2606
2899
2445
3343
4315
1887
2647
1434
4086
4669
3751
627
4633
4465
501
1734
2157
1029
1996
13
3397
1442
3311
3888
2431
1264
1598
2477
3508
2274
2421
3936
659
755
3001
1003
617
3109
2237
4811
2310
2182
3413
986
3006
3809
2304
3892
5066
1358
5090
2613
882
3264
1554
773
1758
914
4699
603
137
1049
4498
4124
4601
3297
3099
5132
2714
2188
2557
2573
3119
1267
808
4298
854
3856
5218
138
1379
2301
658
2063
2452
1231
4255
473
3866
1200
384
264
4945
3333
2060
615
3799
4438
3793
4528
1945
1202
2115
3340
2729
2690
1082
4672
1522
2594
4085
4632
4097
3186
444
1485
931
3312
1806
3715
4876
1928
941
695
2432
3553
3615
5137
3763
139
1848
1941
2603
2045
2467
3385
5113
4358
2151
4456
4141
2314
3185
199
508
3110
4736
3670
1983
4942
4966
366
3920
2679
3273
3590
4653
846
2924
1298
4224
919
1134
4958
3810
3074
1663
2882
1262
4326
1668
638
4944
3640
5192
584
948
3103
3720
4845
2538
3362
3168
5
942
4938
3612
2604
2061
72
3324
1839
2756
3915
3538
497
374
1998
952
4716
3844
2453
954
224
4365
4933
5227
1761
3335
3962
4897
3425
3054
558
21
4874
1588
389
3854
2147
4490
4043
1627
3058
2792
3284
3568
385
2819
5058
2481
2396
987
210
1931
1674
209
2597
459
651
160
127
4777
303
4442
2005
145
5102
4113
2817
1346
717
1376
2312
4252
4569
4319
2095
132
2927
1174
3859
2773
3978
488
163
2759
3579
4104
2368
2078
1780
2037
1718
1708
1564
2100
2345
1378
1681
3780
3800
3154
2394
1457
3205
2892
1081
1144
4797
5106
4048
2326
69
2532
44
2908
1678
4628
1991
4921
1908
4785
2548
3601
391
3629
4553
1926
2319
2096
1172
1979
263
2996
1279
1483
2195
1903
4054
1310
4185
293
3394
4947
2788
3945
4392
100
1500
1150
3677
4464
1491
2285
1669
2000
3852
4972
1241
1584
3443
2994
4535
556
1524
3671
4008
3574
3027
1276
654
4123
427
3589
1228
2904
1403
2187
2806
2630
1372
1643
4216
1826
2618
92
1980
1497
4678
704
2092
4917
2943
3909
3588
1925
3169
3530
1100
3643
1426
3769
1509
3912
267
239
1702
1520
2108
3724
1311
3614
870
642
2081
493
5207
4427
5056
1400
1856
33
337
643
2979
425
249
2593
1804
3603
3285
3044
2325
3765
1631
715
2501
625
1559
1351
4962
4487
2992
5236
1145
4505
1636
3722
1946
4681
4700
613
1032
2809
4746
936
3907
3292
4139
785
3427
3896
4270
4306
3043
2272
479
461
1216
420
116
187
423
80
1999
4454
3013
2145
2318
635
4840
2659
3051
3124
2649
4152
2965
2592
4463
247
4244
3556
789
4461
4239
916
3031
4238
1122
1812
607
170
4743
2315
2067
3558
4468
4479
1782
1035
3496
4419
4703
4035
2181
3298
997
2530
4494
3599
853
2599
78
1666
4302
376
3157
3104
890
1871
3489
1384
3447
2713
4235
4973
2275
4834
2409
4822
1335
2874
1152
23
710
3578
2769
5194
4586
5019
913
2111
1496
2082
4198
2386
2459
2870
4899
2073
3587
742
3139
313
2482
4991
4241
2341
242
3732
571
767
2324
429
1969
3228
4715
3453
2525
2135
2981
3416
4636
2665
2700
5203
893
3018
1622
822
3165
2623
4142
1333
877
4534
3056
5208
2490
1691
592
5118
1662
1514
2250
3430
2827
2077
4263
4080
973
4316
978
2983
4402
360
4211
3468
2402
2654
5023
4732
787
4622
1366
1087
443
5048
836
2223
4881
2057
2399
3364
980
1467
2510
4248
1563
4462
3737
3825
4192
1570
1230
3412
1224
42
796
278
5157
439
308
1924
2443
3729
4349
1913
1234
4702
1168
155
2893
4366
2097
3714
2464
363
1191
3898
2877
4724
2535
1406
1041
1787
3137
1046
4665
5136
3738
2261
2268
1867
1063
2910
5190
4629
4147
669
244
2746
4236
90
881
4529
4396
3127
4203
2447
1455
5101
95
2374
3334
4440
2553
2085
4982
3203
2968
3584
1907
950
716
236
2133
1121
1481
1575
2296
3848
3835
1542
2608
4005
4475
4676
3024
1387
4160
5232
3419
407
3605
693
2794
835
3026
3905
2757
591
1940
812
4218
2527
4662
709
4323
1344
5195
2755
1390
2493
4384
2779
1059
2932
2416
700
227
1568
3093
2960
3289
3635
1658
4370
2093
1589
259
2652
1452
487
3426
1594
191
4657
4789
3711
2348
3939
1893
457
1274
2898
3801
1527
2038
4795
2748
4286
641
5199
4828
804
357
354
1604
481
4164
4901
61
1660
4258
3797
696
238
1097
1595
185
4751
2663
4548
4530
1654
1791
4612
362
4821
3290
4120
1287
2820
1984
4127
1549
404
701
477
3216
1684
4760
606
577
3567
424
504
174
814
2286
3118
1744
4212
0
0
0
0
0
0
0
0
0
0
0
0
0
0
0
0
0
0
0
0
0
0
0
0
0
0
0
0
0
0
0
0
0
0
0
0
0
0
0
0
0
0
0
0
0
0
0
0
0
0
0
0
0
0
0
0
0
0
0
0
0
0
0
0
0
0
0
0
0
0
0
0
0
0
0
0
0
0
0
0
0
0
0
0
0
0
0
0
0
0
0
0
0
0
0
0
0
0
0
0
0
0
0
0
0
0
0
0
0
0
0
0
0
0
0
0
0
0
0
0
0
0
0
0
0
0
0
0
0
0
0
0
0
0
0
0
0
0
0
0
0
0
0
0
0
0
0
0
0
0
0
0
0
0
0
0
0
0
0
0
0
0
0
0
0
0
0
0
0
0
0
0
0
0
0
0
0
0
0
0
0
0
0
0
0
0
0
0
0
0
0
0
0
0
0
0
0
0
0
0
0
0
0
0
0
0
0
0
0
0
0
0
0
0
0
0
0
0
0
0
0
0
0
0
0
0
0
0
0
0
0
0
0
0
0
0
0
0
0
0
0
0
0
0
0
0
0
0
0
0
0
0
0
0
0
0
0
0
0
0
0
0
0
0
0
0
0
0
0
0
0
0
0
0
0
0
0
0
0
0
0
0
0
0
0
0
0
0
0
0
0
0
0
0
0
0
0
0
0
0
0
0
0
0
0
0
0
0
0
0
0
0
0
0
0
0
0
0
0
0
0
0
0
0
0
0
0
0
0
0
0
0
0
0
0
0
0
0
0
0
0
0
0
0
0
0
0
0
0
0
0
0
0
0
0
0
0
0
0
0
0
0
0
0
0
0
0
0
0
0
0
0
0
0
0
0
0
0
0
0
0
0
0
0
0
0
0
0
0
0
0
0
0
0
0
0
0
0
0
0
0
0
0
0
0
0
0
0
0
0
0
0
0
0
0
0
0
0
0
0
0
0
0
0
0
0
0
0
0
0
0
0
0
0
0
0
0
0
0
0
0
0
0
0
0
0
0
0
0
0
0
0
0
0
0
0
0
0
0
0
0
0
0
0
0
0
0
0
0
0
0
0
0
0
0
0
0
0
0
0
0
0
0
0
0
0
0
0
0
0
0
0
0
0
0
0
0
0
0
0
0
0
0
0
0
0
0
0
0
0
0
0
0
0
0
0
0
0
0
0
0
0
0
0
0
0
0
0
0
0
0
0
0
0
0
0
0
0
0
0
0
0
0
0
0
0
0
0
0
0
0
0
0
0
0
0
0
0
0
0
0
0
0
0
0
0
0
0
0
0
0
0
0
0
0
0
0
0
0
0
0
0
0
0
0
0
0
0
0
0
0
0
0
0
0
0
0
0
0
0
0
0
0
0
0
0
0
0
0
0
0
0
0
0
0
0
0
0
0
0
0
0
0
0
0
0
0
0
0
0
0
0
0
0
0
0
0
0
0
0
0
0
0
0
0
0
0
0
0
0
0
0
0
0
0
0
0
0
0
0
0
0
0
0
0
0
0
0
0
0
0
0
0
0
0
0
0
0
0
0
0
0
0
0
0
0
0
0
0
0
0
0
0
0
0
0
0
0
0
0
0
0
0
0
0
0
0
0
0
0
0
0
0
0
0
0
0
0
0
0
0
0
0
0
0
0
0
0
0
0
0
0
0
0
0
0
0
0
0
0
0
0
0
0
0
0
0
0
0
0
0
0
0
0
0
0
0
0
0
0
0
0
0
0
0
0
0
0
0
0
0
0
0
0
0
0
0
0
0
0
0
0
0
0
0
0
0
0
0
0
0
0
0
0
0
0
0
0
0
0
0
0
0
0
0
0
0
0
0
0
0
0
0
0
0
0
0
0
0
0
0
0
0
0
0
0
0
0
0
0
0
0
0
0
0
0
0
0
0
0
0
0
0
0
0
0
0
0
0
0
0
0
0
0
0
0
0
0
0
0
0
0
0
0
0
0
0
0
0
0
0
0
0
0
0
0
0
0
0
0
0
0
0
0
0
0
0
0
0
0
0
0
0
0
0
0
0
0
0
0
0
0
0
0
0
0
0
0
0
0
0
0
0
0
0
0
0
0
0
0
0
0
0
0
0
0
0
0
0
0
0
0
0
0
0
0
0
0
0
0
0
0
0
0
0
0
0
0
0
0
0
0
0
0
0
0
0
0
0
0
0
0
0
0
0
0
0
0
0
0
0
0
0
0
0
0
0
0
0
0
0
0
0
0
0
0
0
0
0
0
0
0
0
0
0
0
0
0
0
0
0
0
0
0
0
0
0
0
0
0
0
0
0
0
0
0
0
0
0
0
0
0
0
0
0
0
0
0
0
0
0
0
0
0
0
0
0
0
0
0
0
0
0
0
0
0
0
0
0
0
0
0
0
0
0
0
0
0
0
0
0
0
0
0
0
0
0
0
0
0
0
0
0
0
0
0
0
0
0
0
0
0
0
0
0
0
0
0
0
0
0
0
0
0
0
0
0
0
0
0
0
0
0
0
0
0
0
0
0
0
0
0
0
0
0
0
0
0
0
0
0
0
0
0
0
0
0
0
0
0
0
0
0
0
0
0
0
0
0
0
0
0
0
0
0
0
0
0
0
0
0
0
0
0
0
0
0
0
0
0
0
0
0
0
0
0
0
0
0
0
0
0
0
0
0
0
0
0
0
0
0
0
0
0
0
0
0
0
0
0
0
0
0
0
0
0
0
0
0
0
0
0
0
0
0
0
0
0
0
0
0
0
0
0
0
0
0
0
0
0
0
0
0
0
0
0
0
0
0
0
0
0
0
0
0
0
0
0
0
0
0
0
0
0
0
0
0
0
0
0
0
0
0
0
0
0
0
0
0
0
0
0
0
0
0
0
0
0
0
0
0
0
0
0
0
0
0
0
0
0
0
0
0
0
0
0
0
0
0
0
0
0
0
0
0
0
0
0
0
0
0
0
0
0
0
0
0
0
0
0
0
0
0
0
0
0
0
0
0
0
0
0
0
0
0
0
0
0
0
0
0
0
0
0
0
0
0
0
0
0
0
0
0
0
0
0
0
0
0
0
0
0
0
0
0
0
0
0
0
0
0
0
0
0
0
0
0
0
0
0
0
0
0
0
0
0
0
0
0
0
0
0
0
0
0
0
0
0
0
0
0
0
0
0
0
0
0
0
0
0
0
0
0
0
0
0
0
0
0
0
0
0
0
0
0
0
0
0
0
0
0
0
0
0
0
0
0
0
0
0
0
0
0
0
0
0
0
0
0
0
0
0
0
0
0
0
0
0
0
0
0
0
0
0
0
0
0
0
0
0
0
0
0
0
0
0
0
0
0
0
0
0
0
0
0
0
0
0
0
0
0
0
0
0
0
0
0
0
0
0
0
0
0
0
0
0
0
0
0
0
0
0
0
0
0
0
0
0
0
0
0
0
0
0
0
0
0
0
0
0
0
0
0
0
0
0
0
0
0
0
0
0
0
0
0
0
0
0
0
0
0
0
0
0
0
0
0
0
0
0
0
0
0
0
0
0
0
0
0
0
0
0
0
0
0
0
0
0
0
0
0
0
0
0
0
0
0
0
0
0
0
0
0
0
0
0
0
0
0
0
0
0
0
0
0
0
0
0
0
0
0
0
0
0
0
0
0
0
0
0
0
0
0
0
0
0
0
0
0
0
0
0
0
0
0
0
0
0
0
0
0
0
0
0
0
0
0
0
0
0
0
0
0
0
0
0
0
0
0
0
0
0
0
0
0
0
0
0
0
0
0
0
0
0
0
0
0
0
0
0
0
0
0
0
0
0
0
0
0
0
0
0
0
0
0
0
0
0
0
0
0
0
0
0
0
0
0
0
0
0
0
0
0
0
0
0
0
0
0
0
0
0
0
0
0
0
0
0
0
0
0
0
0
0
0
0
0
0
0
0
0
0
0
0
0
0
0
0
0
0
0
0
0
0
0
0
0
0
0
0
0
0
0
0
0
0
0
0
0
0
0
0
0
0
0
0
0
0
0
0
0
0
0
0
0
0
0
0
0
0
0
0
0
0
0
0
0
0
0
0
0
0
0
0
0
0
0
0
0
0
0
0
0
0
0
0
0
0
0
0
0
0
0
0
0
0
0
0
0
0
0
0
0
0
0
0
0
0
0
0
0
0
0
0
0
0
0
0
0
0
0
0
0
0
0
0
0
0
0
0
0
0
0
0
0
0
0
0
0
0
0
0
0
0
0
0
0
0
0
0
0
0
0
0
0
0
0
0
0
0
0
0
0
0
0
0
0
0
0
0
0
0
0
0
0
0
0
0
0
0
0
0
0
0
0
0
0
0
0
0
0
0
0
0
0
0
0
0
0
0
0
0
0
0
0
0
0
0
0
0
0
0
0
0
0
0
0
0
0
0
0
0
0
0
0
0
0
0
0
0
0
0
0
0
0
0
0
0
0
0
0
0
0
0
0
0
0
0
0
0
0
0
0
0
0
0
0
0
0
0
0
0
0
0
0
0
0
0
0
0
0
0
0
0
0
0
0
0
0
0
0
0
0
0
0
0
0
0
0
0
0
0
0
0
0
0
0
0
0
0
0
0
0
0
0
0
0
0
0
0
0
0
0
0
0
0
0
0
0
0
0
0
0
0
0
0
0
0
0
0
0
0
0
0
0
0
0
0
0
0
0
0
0
0
0
0
0
0
0
0
0
0
0
0
0
0
0
0
0
0
0
0
0
0
0
0
0
0
0
0
0
0
0
0
0
0
0
0
0
0
0
0
0
0
0
0
0
0
0
0
0
0
0
0
0
0
0
0
0
0
0
0
0
0
0
0
0
0
0
0
0
0
0
0
0
0
0
0
0
0
0
0
0
0
0
0
0
0
0
0
0
0
0
0
0
0
0
0
0
0
0
0
0
0
0
0
0
0
0
0
0
0
0
0
0
0
0
0
0
0
0
0
0
0
0
0
0
0
0
0
0
0
0
0
0
0
0
0
0
0
0
0
0
0
0
0
0
0
0
0
0
0
0
0
0
0
0
0
0
0
0
0
0
0
0
0
0
0
0
0
0
0
0
0
0
0
0
0
0
0
0
0
0
0
0
0
0
0
0
0
0
0
0
0
0
0
0
0
0
0
0
0
0
0
0
0
0
0
0
0
0
0
0
0
0
0
0
0
0
0
0
0
0
0
0
0
0
0
0
0
0
0
0
0
0
0
0
0
0
0
0
0
0
0
0
0
0
0
0
0
0
0
0
0
0
0
0
0
0
0
0
0
0
0
0
0
0
0
0
0
0
0
0
0
0
0
0
0
0
0
0
0
0
0
0
0
0
0
0
0
0
0
0
0
0
0
0
0
0
0
0
0
0
0
0
0
0
0
0
0
0
0
0
0
0
0
0
0
0
0
0
0
0
0
0
0
0
0
0
0
0
0
0
0
0
0
0
0
0
0
0
0
0
0
0
0
0
0
0
0
0
0
0
0
0
0
0
0
0
0
0
0
0
0
0
0
0
0
0
0
0
0
0
0
0
0
0
0
0
0
0
0
0
0
0
0
0
0
0
0
0
0
0
0
0
0
0
0
0
0
0
0
0
0
0
0
0
0
0
0
0
0
0
0
0
0
0
0
0
0
0
0
0
0
0
0
0
0
0
0
0
0
0
0
0
0
0
0
0
0
0
0
0
0
0
0
0
0
0
0
0
0
0
0
0
0
0
0
0
0
0
0
0
0
0
0
0
0
0
0
0
0
0
0
0
0
0
0
0
0
0
0
0
0
0
0
0
0
0
0
0
0
0
0
0
0
0
0
0
0
0
0
0
0
0
0
0
0
0
0
0
0
0
0
0
0
0
0
0
0
0
0
0
0
0
0
0
0
0
0
0
0
0
0
0
0
0
0
0
0
0
0
0
0
0
0
0
0
0
0
0
0
0
0
0
0
0
0
0
0
0
0
0
0
0
0
0
0
0
0
0
0
0
0
0
0
0
0
0
0
0
0
0
0
0
0
0
0
0
0
0
0
0
0
0
0
0
0
0
0
0
0
0
0
0
0
0
0
0
0
0
0
0
0
0
0
0
0
0
0
0
0
