2475
1136
1204
3126
3910
260
1931
4571
4884
2184
3966
1785
2216
812
3136
2977
4850
414
3367
3817
1437
1235
3477
1836
874
333
4882
1669
4581
4900
3626
3548
18
3859
2545
48
4791
4172
911
651
3248
3479
4267
3736
935
4036
3294
1301
2753
422
430
2405
1878
1819
4043
170
4230
1232
402
3538
1911
593
3232
1888
637
2182
1883
3178
4642
4250
1565
3964
1568
1607
1606
763
4586
305
4034
1947
2458
3359
716
224
1450
2451
5227
502
386
2193
3439
4620
1053
904
1139
4315
4746
1400
2042
2263
3971
4316
1052
3836
1577
4296
1740
3398
2752
1404
4530
2328
5218
3242
4245
4719
3480
1647
1237
855
4514
32
697
1796
5165
2452
2197
2690
3128
1662
1024
2767
3368
3314
2599
5116
3932
3949
4253
3807
821
4131
3648
4305
4550
3879
4142
2670
3889
2761
1790
5055
3459
1282
4295
2843
4284
251
198
1406
565
4483
3445
958
2746
3298
1054
5126
1672
3710
4650
2316
834
4371
119
4243
773
5015
4665
743
977
3925
4767
3057
4775
4177
4607
4200
1085
1341
55
2794
1779
459
107
1126
1845
862
4978
1539
1608
52
2292
1703
2597
275
4186
3759
1165
3145
1505
1502
3531
4259
2410
645
2550
5190
965
72
3930
5230
4052
3230
1337
2455
940
5141
1656
1331
2689
5094
2329
1743
740
412
2276
629
811
4749
1759
3761
4744
3365
227
2560
3683
4435
1129
3604
2191
4216
3283
2339
159
2119
3591
1163
722
3891
2904
3653
1278
1686
3399
2834
1765
4318
4899
3720
2317
4130
4994
1493
828
1994
736
5196
4543
4839
2591
4989
2075
621
2996
3835
1212
2388
2234
4412
1939
2946
3320
5136
4180
3295
2714
745
4154
3882
3361
886
3329
2780
2942
1412
3148
737
1304
1220
4924
2266
3970
2284
1520
2214
1146
4730
2088
297
4071
4717
3055
2039
2318
5102
4559
2960
2910
1575
4695
2006
3698
4002
894
1783
264
3024
381
1236
2021
3139
901
3208
3740
1123
3877
3105
509
4290
2072
387
274
1842
25
3238
4535
3202
4572
4400
3393
4032
1158
4350
2626
1455
4686
673
2838
1307
2950
762
3263
5228
4996
1717
306
5240
3363
4777
4013
2919
495
2764
781
4753
205
3834
4456
840
4090
3643
2833
1567
2818
38
1749
2624
2282
1963
4450
2573
1751
1544
4885
1215
1111
369
2672
3856
3824
2822
4053
3344
1495
2604
3947
2171
4089
4132
970
1046
586
42
2979
4565
2732
2392
1281
4735
5192
2314
5142
2110
4408
2842
4615
4367
4916
4045
1830
2967
3444
87
777
1603
4083
3766
1448
4758
4584
897
5193
3380
1893
1860
976
4121
3288
3968
4150
2821
4731
993
1313
2439
2490
871
2783
84
3352
4335
1747
4082
881
1222
3386
3718
955
1098
2112
838
1153
3113
3632
365
844
1501
5077
2188
1091
810
4628
3498
100
1425
1894
5054
1127
1194
2359
4070
1890
3152
1109
4953
572
4210
3814
5184
4574
3388
4357
3791
3008
1329
719
2210
3189
406
2274
2988
748
3108
4395
3064
3587
5229
1731
331
1705
1082
782
3082
2839
532
4962
3667
2068
2782
3358
