19
47
165
18
111
113
125
148
154
44
1
56
161
72
53
12
143
39
141
64
126
145
15
8
168
83
84
114
132
142
88
106
117
157
75
108
139
112
38
115
164
153
23
80
159
2
62
33
150
9
50
14
163
24
110
180
71
172
11
93
123
175
102
25
26
63
128
196
43
103
46
96
134
20
146
189
79
37
127
32
60
169
162
82
177
194
36
73
6
16
104
92
54
182
48
17
176
192
78
133
109
58
171
67
42
135
195
140
40
59
107
29
99
81
187
3
155
89
178
45
152
173
76
98
21
105
68
185
49
90
101
52
51
190
85
183
147
100
34
167
188
22
65
13
186
181
193
35
170
129
95
61
124
30
156
138
118
31
179
131
7
55
27
130
184
149
136
144
87
137
116
166
151
57
174
91
66
86
74
77
94
122
191
158
70
97
69
120
121
160
28
41
119
0
4
10
5
