84
25
5
95
195
120
137
191
186
43
98
46
110
127
97
54
124
144
173
3
89
133
59
180
92
178
4
141
99
48
1
111
52
93
156
22
157
38
108
55
57
72
159
77
29
37
152
69
21
12
187
79
194
166
119
36
185
91
101
121
70
109
67
26
128
168
47
172
40
146
83
162
148
87
31
85
8
16
90
88
161
181
35
158
176
165
14
138
28
82
163
96
71
132
20
27
68
103
94
105
81
122
129
140
155
6
41
107
179
80
60
75
39
143
9
171
17
86
112
123
113
11
175
30
74
117
10
19
126
65
53
32
150
177
142
136
62
189
169
149
44
131
64
66
78
58
115
106
170
100
164
23
51
0
42
188
153
50
151
13
63
61
184
154
192
183
76
118
15
130
196
56
73
7
34
147
160
102
167
174
145
134
104
125
190
2
116
114
193
139
45
18
49
24
33
135
182
