189
47
141
111
1
177
0
118
23
125
21
108
95
56
99
163
104
103
35
154
184
4
88
157
43
46
134
66
26
31
119
187
105
143
94
179
78
131
100
89
194
124
45
165
29
12
151
73
9
192
39
160
55
96
155
193
102
91
133
152
16
3
10
121
115
13
51
129
54
50
24
37
25
116
27
61
83
178
171
63
150
196
69
167
188
139
71
127
17
130
30
173
8
19
112
44
28
145
86
34
114
52
181
67
11
146
135
98
164
174
158
172
97
183
147
90
176
81
159
53
60
182
170
120
79
142
190
20
76
122
149
110
107
2
185
153
137
191
92
168
62
80
49
93
75
65
74
77
7
128
5
70
180
161
36
38
175
41
58
82
40
64
32
85
162
6
14
57
101
59
68
169
113
156
148
48
132
106
186
138
195
84
42
87
123
109
126
18
136
166
22
140
15
33
72
144
117
