68
60
97
93
54
173
72
10
121
62
196
130
126
59
143
2
51
11
96
140
37
56
16
100
187
39
117
42
106
31
152
61
168
47
129
150
133
161
74
48
177
43
21
132
32
85
134
73
9
95
151
181
156
167
86
15
176
26
189
170
38
57
172
63
1
35
166
98
27
191
92
20
111
108
186
5
195
112
99
58
102
64
12
94
46
41
40
123
162
78
33
52
109
18
13
77
146
7
44
25
84
192
138
30
70
103
69
14
169
159
0
82
34
87
118
184
29
66
147
3
182
141
6
139
145
122
119
180
153
24
90
8
67
190
22
165
157
81
45
101
107
65
116
158
80
149
71
144
124
53
164
142
194
160
154
193
105
104
171
79
179
183
185
113
115
89
75
4
23
114
49
19
110
127
125
55
17
155
188
136
178
163
131
88
28
50
120
135
76
128
175
174
148
83
91
137
36
