178
175
170
5
114
115
164
61
1
134
182
85
49
155
25
9
117
91
167
186
33
139
110
24
51
189
8
65
26
22
118
18
146
70
101
152
102
131
98
121
195
150
21
122
14
88
107
144
2
148
193
119
94
157
41
130
7
54
141
4
179
43
133
31
38
124
187
62
19
159
66
3
113
77
17
28
180
13
35
50
20
84
160
83
67
99
97
64
60
46
27
151
42
78
143
138
184
0
125
120
181
56
111
135
176
47
87
136
192
16
161
149
30
44
72
73
185
39
171
137
76
104
142
23
156
168
116
53
52
123
105
57
75
15
147
10
12
82
158
55
69
196
71
100
172
165
11
106
145
59
132
95
140
32
103
177
162
153
188
37
81
112
163
74
96
183
40
128
63
191
108
6
173
129
127
169
86
194
92
126
79
34
154
109
68
174
166
93
48
190
80
45
90
89
36
58
29
