104
131
22
84
79
96
66
180
168
38
53
193
5
31
192
174
95
132
152
119
155
2
46
97
67
60
80
114
64
127
99
33
105
150
186
133
44
51
124
139
71
41
154
72
189
52
14
118
111
11
86
76
81
77
78
54
136
59
28
121
196
7
110
29
159
83
47
184
25
165
146
70
26
163
19
49
112
171
98
45
27
74
125
48
151
9
36
87
161
156
35
91
85
173
92
1
89
15
153
190
56
162
172
115
195
181
122
13
188
130
142
61
109
58
185
138
55
179
128
32
102
69
137
103
187
20
141
40
3
39
6
123
107
42
82
157
158
94
149
143
101
12
23
135
24
194
75
120
100
106
164
169
117
37
73
57
175
93
68
177
113
148
126
62
21
8
43
145
10
140
34
30
167
147
0
170
108
144
182
134
65
183
129
16
50
166
160
17
63
4
178
116
176
88
90
191
18
