192
134
9
171
98
99
148
155
72
47
25
27
1
19
140
96
50
70
195
109
124
137
43
68
40
193
75
81
8
158
66
3
130
60
32
129
143
69
46
170
145
185
18
146
83
92
128
94
113
141
127
181
33
78
36
61
34
153
190
54
90
37
91
53
107
14
63
165
174
138
44
160
121
56
186
133
74
152
115
38
175
93
122
23
55
156
157
126
139
35
118
167
108
162
164
177
147
86
41
100
87
161
52
42
89
95
176
142
71
189
194
111
28
77
29
182
168
144
2
12
119
48
184
154
103
169
11
102
5
97
106
30
105
62
188
112
101
79
22
6
179
131
57
149
59
45
173
15
125
0
166
51
73
16
7
82
31
178
151
187
172
150
67
196
88
13
120
116
85
191
17
80
180
39
163
76
26
49
64
159
104
110
20
123
183
58
136
84
135
21
24
132
10
117
114
65
4
