117
120
127
132
112
134
5
196
109
94
41
52
58
37
177
74
35
125
91
78
50
184
38
133
121
152
158
46
99
43
193
7
24
146
165
79
128
182
194
13
93
115
72
107
0
2
149
81
1
143
157
68
76
185
18
131
140
8
53
27
45
147
111
23
16
180
144
130
114
103
167
145
148
75
30
190
192
159
170
44
174
191
186
95
138
102
89
51
84
163
40
36
104
60
96
9
187
4
55
32
77
126
124
116
118
151
59
164
161
65
12
162
98
100
176
54
136
137
142
73
154
69
61
97
106
172
88
153
3
113
57
160
63
67
175
28
129
178
11
135
123
139
31
168
101
14
188
62
26
179
21
6
86
155
119
83
156
56
20
80
47
92
150
85
82
10
42
183
122
171
71
15
39
90
25
48
22
64
19
29
17
49
169
34
87
181
110
108
189
105
173
166
70
66
195
141
33
