44
49
68
180
137
169
138
48
157
175
20
81
104
167
107
95
35
171
121
0
21
119
177
16
97
91
191
89
189
40
63
18
131
153
134
69
146
164
141
19
166
181
8
128
83
132
144
98
73
140
59
195
106
56
136
82
42
22
172
14
78
123
1
52
162
60
194
130
3
15
27
57
186
72
124
34
46
96
111
23
152
159
17
64
183
117
90
92
173
2
179
127
143
129
160
149
161
30
196
5
188
184
165
28
93
51
176
32
156
151
53
9
80
75
99
11
45
115
36
79
54
74
88
4
142
65
38
43
76
114
133
37
86
25
87
84
70
24
126
145
66
33
147
116
109
105
41
47
100
71
139
13
120
50
122
29
163
170
77
31
102
62
110
193
67
94
182
101
150
155
125
187
108
174
10
6
112
26
12
185
148
154
7
168
178
192
85
135
61
113
158
103
118
55
39
58
190
