123
121
51
105
84
139
12
14
127
162
40
93
172
47
97
126
119
176
80
152
49
147
156
167
166
18
180
145
138
141
118
173
98
111
151
188
122
81
165
48
132
13
91
4
17
36
153
64
114
87
174
1
73
55
45
54
140
102
32
90
170
24
9
159
129
193
41
175
100
11
10
61
183
57
150
69
60
143
169
16
181
194
103
158
196
124
89
65
154
177
38
186
157
3
25
94
110
88
76
101
59
30
185
96
182
135
112
133
82
125
184
5
149
42
62
128
68
75
50
115
142
168
34
92
35
19
137
117
53
23
107
130
85
70
108
161
58
15
46
7
22
78
20
134
95
66
113
71
136
52
83
8
131
179
109
29
26
28
116
144
21
6
72
27
163
67
160
63
74
106
86
190
43
0
56
195
192
39
99
77
187
104
33
146
37
44
31
191
189
155
2
79
178
171
164
148
120
