59
113
52
1
127
77
15
2
68
166
112
57
41
62
171
88
181
193
152
92
101
60
165
187
140
163
37
194
116
23
100
168
110
55
170
103
38
117
109
27
40
35
183
190
76
186
179
61
189
176
132
10
133
131
151
162
119
157
89
114
135
80
64
105
98
143
56
26
83
196
73
145
125
192
134
149
185
115
107
138
44
7
18
6
51
104
5
8
12
21
191
9
121
28
29
144
79
161
81
102
16
42
54
95
67
74
94
66
4
156
53
175
90
11
14
174
63
30
158
50
106
122
86
43
24
195
78
39
124
0
3
22
142
32
47
130
123
147
84
69
108
58
49
72
31
172
182
188
87
82
159
180
136
178
184
128
96
137
120
173
75
25
13
139
97
169
20
111
164
85
45
71
129
148
34
155
141
160
19
46
146
93
33
48
150
65
167
17
118
177
153
126
99
36
154
70
91
