135
49
192
58
177
139
158
1
141
79
118
85
180
6
190
146
53
28
185
172
67
16
109
103
89
33
30
131
188
117
155
64
65
59
122
163
194
128
174
76
37
105
20
56
152
193
161
54
168
136
74
170
178
151
104
133
55
196
101
48
112
169
114
94
175
144
166
143
147
97
87
145
68
137
160
184
187
121
156
38
43
195
164
95
3
157
116
100
0
149
127
107
50
4
29
90
81
82
36
42
44
186
7
47
113
10
69
61
51
66
18
176
12
96
123
52
154
115
19
62
34
17
98
11
21
150
126
92
24
129
71
108
78
130
75
183
27
5
134
84
26
45
142
32
153
22
93
138
83
35
125
31
120
77
60
25
72
73
63
165
9
173
46
132
102
40
2
162
57
110
159
140
88
181
23
86
189
111
106
191
70
39
182
99
148
41
8
119
179
14
171
167
15
80
13
124
91
