47
84
118
179
17
45
124
172
20
136
192
116
36
165
6
32
137
115
87
74
128
67
11
58
102
50
113
146
3
132
100
80
9
55
69
177
168
91
14
148
46
79
48
52
49
135
35
153
195
34
97
158
98
88
154
16
123
112
65
171
77
139
188
89
101
4
161
71
152
185
119
141
122
175
156
110
81
127
86
138
57
191
167
194
23
72
0
44
104
1
196
131
64
111
29
186
83
159
53
56
51
151
108
28
73
27
38
150
181
93
2
7
33
130
95
59
133
43
143
162
170
145
142
30
8
169
183
37
54
76
149
75
70
68
85
129
106
182
178
134
125
94
160
24
82
92
190
42
147
10
96
66
176
103
140
63
120
117
31
187
173
157
155
126
109
61
166
62
107
144
121
99
12
22
39
18
184
189
40
90
114
26
25
163
5
21
13
19
180
164
78
193
60
174
15
41
105
