81
28
60
10
154
153
48
181
133
191
4
95
164
45
14
77
144
122
132
39
117
92
67
142
71
141
72
102
106
74
32
128
42
156
49
73
104
36
33
140
24
186
167
22
18
101
171
17
84
52
114
137
55
86
161
162
109
150
179
16
1
134
175
185
131
51
176
116
25
151
12
172
96
138
105
184
41
70
159
19
124
21
53
100
94
169
59
174
82
50
63
98
58
87
135
195
115
85
80
26
7
188
11
107
97
129
2
27
83
93
91
23
193
173
163
166
75
89
139
165
182
148
0
76
90
192
121
158
9
8
13
125
136
112
189
62
152
30
38
57
177
111
66
149
44
99
65
46
69
35
20
170
6
3
119
157
126
145
123
168
146
187
34
40
43
118
29
68
61
120
160
183
127
54
64
79
56
196
130
37
103
108
113
190
47
178
31
15
5
180
88
147
78
110
155
143
194
